generation,num_individuals
1,100
11,99
21,106
31,116
41,126
51,152
61,164
71,161
81,190
91,187
101,192
111,203
121,229
131,256
141,264
151,276
161,284
171,315
181,325
191,337
201,342
211,380
221,403
231,445
241,479
251,531
261,583
271,623
281,656
291,701
301,750
311,798
321,879
331,892
341,902
351,1001
361,1064
371,1142
381,1200
391,1292
401,1406
411,1533
421,1647
431,1727
441,1859
451,1945
461,2065
471,2224
481,2364
491,2631
501,2779
511,2973
521,3075
531,3310
541,3530
551,3753
561,3991
571,4242
581,4496
591,4781
601,5047
611,5401
621,5658
631,5948
641,6280
651,6554
661,6907
671,7301
681,7687
691,7955
701,8174
711,8535
721,9012
731,9451
741,9733
751,10052
761,10248
771,10500
781,10779
791,11164
801,11407
811,11761
821,12106
831,12314
841,12592
851,12882
861,13203
871,13398
881,13782
891,13878
901,14130
911,14414
921,14602
931,14686
941,14952
951,15077
961,15255
971,15261
981,15437
991,15582
1001,15608
1011,15717
1021,15710
1031,15904
1041,15987
1051,16184
1061,16475
1071,16602
1081,16620
1091,16864
1101,16930
1111,16833
1121,16899
1131,17027
1141,17016
1151,16975
1161,16982
1171,17020
1181,17078
1191,17177
1201,17136
1211,17300
1221,17291
1231,17306
1241,17255
1251,17101
1261,17055
1271,17126
1281,17079
1291,17028
1301,16963
1311,17008
1321,17050
1331,17195
1341,17261
1351,17245
1361,17134
1371,17090
1381,17241
1391,17286
1401,17289
1411,17367
1421,17446
1431,17357
1441,17527
1451,17662
1461,17627
1471,17582
1481,17568
1491,17565
1501,17609
1511,17545
1521,17551
1531,17520
1541,17535
1551,17466
1561,17490
1571,17586
1581,17496
1591,17446
1601,17264
1611,17236
1621,17356
1631,17311
1641,17271
1651,17260
1661,17268
1671,17363
1681,17249
1691,17161
1701,17198
1711,17150
1721,17118
1731,17137
1741,17012
1751,17078
1761,17110
1771,17206
1781,17153
1791,17152
1801,17220
1811,17154
1821,17073
1831,17113
1841,17217
1851,17211
1861,17188
1871,17105
1881,17119
1891,16932
1901,16965
1911,17192
1921,17190
1931,17367
1941,17350
1951,17405
1961,17343
1971,17419
1981,17561
1991,17411
2001,17489
2011,17361
2021,17407
2031,17398
2041,17476
2051,17571
2061,17530
2071,17656
2081,17588
2091,17495
2101,17513
2111,17484
2121,17585
2131,17720
2141,17760
2151,17637
2161,17589
2171,17552
2181,17584
2191,17478
2201,17352
2211,17355
2221,17239
2231,17294
2241,17310
2251,17230
2261,17132
2271,17101
2281,17112
2291,17101
2301,17145
2311,17180
2321,17089
2331,17014
2341,17131
2351,17232
2361,17317
2371,17318
2381,17447
2391,17412
2401,17407
2411,17219
2421,17142
2431,17072
2441,17083
2451,16985
2461,17109
2471,17155
2481,17192
2491,17300
2501,17283
2511,17305
2521,17308
2531,17324
2541,17411
2551,17412
2561,17267
2571,17333
2581,17388
2591,17434
2601,17620
2611,17453
2621,17528
2631,17503
2641,17438
2651,17343
2661,17488
2671,17493
2681,17489
2691,17629
2701,17576
2711,17612
2721,17624
2731,17607
2741,17525
2751,17536
2761,17512
2771,17549
2781,17459
2791,17324
2801,17292
2811,17346
2821,17331
2831,17317
2841,17354
2851,17313
2861,17366
2871,17330
2881,17154
2891,17249
2901,17284
2911,17414
2921,17524
2931,17341
2941,17432
2951,17400
2961,17348
2971,17322
2981,17349
2991,17360
3001,17212
3011,17308
3021,17342
3031,17483
3041,17463
3051,17475
3061,17592
3071,17492
3081,17478
3091,17485
3101,17412
3111,17503
3121,17594
3131,17411
3141,17402
3151,17547
3161,17375
3171,17355
3181,17425
3191,17471
3201,17534
3211,17565
3221,17411
3231,17450
3241,17391
3251,17341
3261,17391
3271,17389
3281,17457
3291,17443
3301,17403
3311,17408
3321,17450
3331,17437
3341,17492
3351,17508
3361,17619
3371,17615
3381,17516
3391,17366
3401,17267
3411,17214
3421,17123
3431,17172
3441,17219
3451,17328
3461,17323
3471,17363
3481,17274
3491,17302
3501,17249
3511,17172
3521,17206
3531,17297
3541,17253
3551,17239
3561,17249
3571,17102
3581,17243
3591,17270
3601,17439
3611,17381
3621,17398
3631,17383
3641,17361
3651,17473
3661,17437
3671,17380
3681,17386
3691,17426
3701,17384
3711,17505
3721,17480
3731,17413
3741,17424
3751,17431
3761,17317
3771,17348
3781,17519
3791,17516
3801,17539
3811,17553
3821,17642
3831,17570
3841,17534
3851,17570
3861,17415
3871,17444
3881,17403
3891,17477
3901,17416
3911,17439
3921,17467
3931,17494
3941,17440
3951,17478
3961,17462
3971,17535
3981,17559
3991,17603
4001,17678
4011,17722
4021,17688
4031,17692
4041,17674
4051,17673
4061,17750
4071,17840
4081,17936
4091,17839
4101,17773
4111,17667
4121,17635
4131,17508
4141,17540
4151,17710
4161,17622
4171,17538
4181,17532
4191,17483
4201,17450
4211,17449
4221,17398
4231,17420
4241,17347
4251,17340
4261,17366
4271,17378
4281,17255
4291,17295
4301,17423
4311,17449
4321,17377
4331,17333
4341,17285
4351,17303
4361,17385
4371,17369
4381,17519
4391,17423
4401,17313
4411,17222
4421,17136
4431,17117
4441,17222
4451,17177
4461,17118
4471,17081
4481,17079
4491,16998
4501,17009
4511,17035
4521,17025
4531,16960
4541,17079
4551,17149
4561,17187
4571,17086
4581,17136
4591,16931
4601,17022
4611,17039
4621,17093
4631,17273
4641,17305
4651,17297
4661,17388
4671,17410
4681,17366
4691,17401
4701,17468
4711,17470
4721,17558
4731,17576
4741,17617
4751,17470
4761,17568
4771,17483
4781,17392
4791,17325
4801,17369
4811,17394
4821,17425
4831,17522
4841,17618
4851,17705
4861,17819
4871,17776
4881,17745
4891,17792
4901,17856
4911,17912
4921,17868
4931,17851
4941,17811
4951,17748
4961,17720
4971,17679
4981,17660
4991,17534
5001,17433
5011,17504
5021,17475
5031,17472
5041,17459
5051,17436
5061,17309
5071,17355
5081,17361
5091,17241
5101,17303
5111,17305
5121,17399
5131,17409
5141,17411
5151,17502
5161,17559
5171,17548
5181,17545
5191,17483
5201,17455
5211,17369
5221,17318
5231,17355
5241,17302
5251,17253
5261,17152
5271,17237
5281,17193
5291,17250
5301,17193
5311,17244
5321,17301
5331,17361
5341,17349
5351,17284
5361,17436
5371,17400
5381,17372
5391,17474
5401,17488
5411,17637
5421,17801
5431,17803
5441,17814
5451,17810
5461,17641
5471,17607
5481,17625
5491,17599
5501,17615
5511,17719
5521,17598
5531,17644
5541,17772
5551,17708
5561,17657
5571,17733
5581,17607
5591,17558
5601,17652
5611,17582
5621,17612
5631,17650
5641,17564
5651,17798
5661,17784
5671,17824
5681,17802
5691,17767
5701,17737
5711,17683
5721,17703
5731,17877
5741,17816
5751,17871
5761,17680
5771,17797
5781,17717
5791,17670
5801,17668
5811,17615
5821,17460
5831,17376
5841,17427
5851,17499
5861,17549
5871,17639
5881,17710
5891,17735
5901,17798
5911,17644
5921,17641
5931,17458
5941,17507
5951,17407
5961,17501
5971,17487
5981,17414
5991,17462
6001,17407
6011,17407
6021,17468
6031,17339
6041,17542
6051,17400
6061,17342
6071,17228
6081,17211
6091,17192
6101,17255
6111,17255
6121,17418
6131,17460
6141,17312
6151,17249
6161,17278
6171,17311
6181,17294
6191,17208
6201,17300
6211,17183
6221,17210
6231,17091
6241,17146
6251,17212
6261,17374
6271,17324
6281,17438
6291,17515
6301,17475
6311,17445
6321,17287
6331,17137
6341,17202
6351,17137
6361,17169
6371,17174
6381,17229
6391,17275
6401,17177
6411,17077
6421,17149
6431,17157
6441,17244
6451,17235
6461,17309
6471,17287
6481,17290
6491,17334
6501,17390
6511,17455
6521,17369
6531,17380
6541,17450
6551,17500
6561,17515
6571,17545
6581,17514
6591,17450
6601,17245
6611,17259
6621,17321
6631,17366
6641,17370
6651,17398
6661,17491
6671,17446
6681,17324
6691,17305
6701,17365
6711,17362
6721,17388
6731,17337
6741,17239
6751,17234
6761,17202
6771,17121
6781,17138
6791,17251
6801,17221
6811,17229
6821,17074
6831,17016
6841,16918
6851,16788
6861,16950
6871,17060
6881,17025
6891,17146
6901,16942
6911,17059
6921,17143
6931,17218
6941,17099
6951,17284
6961,17366
6971,17364
6981,17312
6991,17230
7001,17162
7011,17327
7021,17332
7031,17256
7041,17155
7051,17252
7061,17363
7071,17468
7081,17513
7091,17562
7101,17509
7111,17523
7121,17520
7131,17457
7141,17508
7151,17309
7161,17317
7171,17359
7181,17300
7191,17283
7201,17438
7211,17435
7221,17403
7231,17548
7241,17587
7251,17424
7261,17431
7271,17449
7281,17434
7291,17485
7301,17503
7311,17467
7321,17438
7331,17518
7341,17558
7351,17639
7361,17698
7371,17534
7381,17646
7391,17592
7401,17543
7411,17578
7421,17567
7431,17676
7441,17658
7451,17695
7461,17529
7471,17503
7481,17604
7491,17546
7501,17410
7511,17330
7521,17291
7531,17308
7541,17233
7551,17089
7561,17227
7571,17233
7581,17188
7591,17208
7601,17233
7611,17270
7621,17185
7631,17249
7641,17187
7651,17301
7661,17224
7671,17358
7681,17262
7691,17278
7701,17256
7711,17333
7721,17340
7731,17358
7741,17396
7751,17365
7761,17462
7771,17384
7781,17387
7791,17430
7801,17479
7811,17337
7821,17412
7831,17436
7841,17480
7851,17336
7861,17430
7871,17470
7881,17515
7891,17624
7901,17595
7911,17656
7921,17557
7931,17517
7941,17570
7951,17451
7961,17446
7971,17533
7981,17526
7991,17581
8001,17808
8011,17701
8021,17718
8031,17768
8041,17576
8051,17529
8061,17553
8071,17582
8081,17525
8091,17461
8101,17505
8111,17623
8121,17602
8131,17642
8141,17606
8151,17568
8161,17623
8171,17521
8181,17389
8191,17406
8201,17298
8211,17306
8221,17208
8231,17114
8241,17144
8251,17156
8261,17120
8271,17120
8281,17129
8291,17447
8301,17500
8311,17554
8321,17606
8331,17603
8341,17550
8351,17575
8361,17565
8371,17537
8381,17588
8391,17567
8401,17547
8411,17581
8421,17495
8431,17534
8441,17608
8451,17598
8461,17481
8471,17310
8481,17328
8491,17443
8501,17496
8511,17413
8521,17282
8531,17232
8541,17286
8551,17334
8561,17510
8571,17582
8581,17775
8591,17746
8601,17861
8611,17885
8621,17865
8631,17823
8641,17757
8651,17762
8661,17716
8671,17570
8681,17571
8691,17592
8701,17381
8711,17417
8721,17580
8731,17687
8741,17685
8751,17705
8761,17711
8771,17747
8781,17736
8791,17730
8801,17896
8811,17945
8821,18066
8831,18213
8841,18180
8851,18022
8861,17948
8871,17805
8881,17764
8891,17770
8901,17841
8911,17715
8921,17685
8931,17655
8941,17693
8951,17707
8961,17570
8971,17627
8981,17536
8991,17380
9001,17331
9011,17309
9021,17200
9031,17309
9041,17274
9051,17492
9061,17627
9071,17566
9081,17455
9091,17492
9101,17539
9111,17472
9121,17396
9131,17377
9141,17324
9151,17204
9161,17206
9171,17172
9181,17289
9191,17285
9201,17001
9211,17197
9221,17181
9231,17255
9241,17338
9251,17251
9261,17132
9271,17249
9281,17220
9291,17352
9301,17451
9311,17465
9321,17489
9331,17433
9341,17429
9351,17496
9361,17402
9371,17360
9381,17196
9391,17201
9401,17364
9411,17310
9421,17301
9431,17305
9441,17296
9451,17176
9461,17356
9471,17329
9481,17438
9491,17383
9501,17269
9511,17117
9521,17146
9531,17237
9541,17222
9551,17150
9561,17163
9571,17168
9581,17233
9591,17207
9601,17334
9611,17210
9621,17186
9631,17123
9641,17174
9651,17186
9661,17293
9671,17326
9681,17404
9691,17369
9701,17375
9711,17306
9721,17307
9731,17219
9741,17136
9751,17110
9761,17061
9771,17211
9781,17252
9791,17292
9801,17365
9811,17290
9821,17260
9831,17402
9841,17366
9851,17333
9861,17454
9871,17376
9881,17371
9891,17365
9901,17373
9911,17492
9921,17473
9931,17479
9941,17350
9951,17204
9961,17068
9971,17187
9981,17099
9991,17180
10001,17168
10011,17098
10021,17129
10031,17208
10041,17276
10051,17314
10061,17405
10071,17337
10081,17284
10091,17239
10101,17228
10111,17348
10121,17429
10131,17482
10141,17319
10151,17300
10161,17331
10171,17391
10181,17294
10191,17323
10201,17411
10211,17369
10221,17339
10231,17314
10241,17570
10251,17602
10261,17499
10271,17310
10281,17329
10291,17210
10301,17070
10311,17094
10321,17243
10331,17284
10341,17186
10351,17209
10361,17269
10371,17261
10381,17228
10391,17257
10401,17396
10411,17440
10421,17412
10431,17290
10441,17278
10451,17325
10461,17363
10471,17428
10481,17301
10491,17543
10501,17621
10511,17573
10521,17597
10531,17564
10541,17691
10551,17674
10561,17586
10571,17521
10581,17425
10591,17516
10601,17510
10611,17442
10621,17409
10631,17445
10641,17461
10651,17597
10661,17602
10671,17627
10681,17582
10691,17558
10701,17447
10711,17466
10721,17424
10731,17405
10741,17416
10751,17482
10761,17412
10771,17633
10781,17542
10791,17652
10801,17656
10811,17758
10821,17759
10831,17874
10841,17847
10851,17758
10861,17727
10871,17722
10881,17718
10891,17835
10901,17769
10911,17751
10921,17769
10931,17649
10941,17725
10951,17731
10961,17627
10971,17512
10981,17571
10991,17688
11001,17589
11011,17438
11021,17489
11031,17369
11041,17317
11051,17419
11061,17378
11071,17464
11081,17509
11091,17438
11101,17419
11111,17407
11121,17412
11131,17307
11141,17548
11151,17409
11161,17586
11171,17600
11181,17642
11191,17671
11201,17741
11211,17752
11221,17786
11231,17743
11241,17693
11251,17820
11261,17632
11271,17660
11281,17583
11291,17662
11301,17753
11311,17586
11321,17613
11331,17429
11341,17383
11351,17270
11361,17244
11371,17267
11381,17330
11391,17463
11401,17421
11411,17387
11421,17372
11431,17403
11441,17350
11451,17336
11461,17505
11471,17570
11481,17599
11491,17507
11501,17612
11511,17518
11521,17330
11531,17222
11541,17034
11551,16985
11561,16937
11571,17044
11581,17056
11591,17174
11601,16999
11611,17017
11621,17096
11631,17194
11641,17324
11651,17395
11661,17458
11671,17392
11681,17487
11691,17460
11701,17469
11711,17383
11721,17492
11731,17495
11741,17494
11751,17388
11761,17429
11771,17401
11781,17411
11791,17396
11801,17325
11811,17294
11821,17191
11831,17149
11841,17375
11851,17344
11861,17359
11871,17406
11881,17317
11891,17439
11901,17535
11911,17486
11921,17409
11931,17282
11941,17212
11951,17232
11961,17211
11971,17204
11981,17149
11991,17227
12001,17162
12011,17056
12021,16883
12031,16953
12041,16883
12051,17079
12061,16982
12071,17044
12081,16989
12091,17121
12101,17093
12111,17110
12121,17127
12131,17168
12141,17240
12151,17307
12161,17321
12171,17340
12181,17247
12191,17250
12201,17298
12211,17338
12221,17223
12231,17439
12241,17458
12251,17471
12261,17404
12271,17384
12281,17464
12291,17419
12301,17519
12311,17447
12321,17365
12331,17275
12341,17335
12351,17294
12361,17350
12371,17360
12381,17290
12391,17347
12401,17290
12411,17333
12421,17305
12431,17259
12441,17203
12451,17296
12461,17196
12471,17221
12481,17213
12491,17213
12501,17231
12511,17249
12521,17171
12531,17178
12541,17260
12551,17443
12561,17417
12571,17493
12581,17563
12591,17688
12601,17617
12611,17577
12621,17631
12631,17588
12641,17706
12651,17813
12661,17772
12671,17655
12681,17713
12691,17581
12701,17672
12711,17766
12721,17776
12731,17887
12741,17749
12751,17722
12761,17528
12771,17564
12781,17538
12791,17456
12801,17462
12811,17497
12821,17403
12831,17423
12841,17339
12851,17367
12861,17320
12871,17407
12881,17330
12891,17404
12901,17377
12911,17324
12921,17368
12931,17379
12941,17183
12951,17331
12961,17319
12971,17422
12981,17331
12991,17304
13001,17320
13011,17491
13021,17495
13031,17597
13041,17508
13051,17592
13061,17635
13071,17625
13081,17498
13091,17559
13101,17551
13111,17410
13121,17389
13131,17398
13141,17390
13151,17260
13161,17377
13171,17347
13181,17333
13191,17402
13201,17373
13211,17410
13221,17379
13231,17384
13241,17300
13251,17445
13261,17529
13271,17611
13281,17722
13291,17752
13301,17699
13311,17682
13321,17608
13331,17612
13341,17534
13351,17575
13361,17629
