generation,num_individuals
1,100
11,113
21,125
31,137
41,146
51,158
61,177
71,191
81,204
91,234
101,250
111,270
121,288
131,314
141,325
151,341
161,378
171,389
181,430
191,479
201,510
211,569
221,626
231,695
241,727
251,780
261,841
271,915
281,1001
291,1056
301,1130
311,1246
321,1348
331,1439
341,1570
351,1674
361,1813
371,1923
381,2020
391,2173
401,2295
411,2445
421,2625
431,2818
441,3013
451,3256
461,3529
471,3782
481,4100
491,4332
501,4570
511,4843
521,5095
531,5385
541,5649
551,6044
561,6377
571,6696
581,7136
591,7420
601,7721
611,7996
621,8373
631,8668
641,9069
651,9356
661,9582
671,9928
681,10332
691,10679
701,10945
711,11339
721,11658
731,12045
741,12323
751,12519
761,12882
771,13099
781,13299
791,13337
801,13383
811,13621
821,13867
831,14117
841,14324
851,14476
861,14734
871,14712
881,14867
891,15040
901,15057
911,15296
921,15457
931,15728
941,16048
951,16042
961,16181
971,16366
981,16452
991,16496
1001,16519
1011,16608
1021,16678
1031,16771
1041,16882
1051,16929
1061,17067
1071,17031
1081,17174
1091,17171
1101,17157
1111,17246
1121,17182
1131,17191
1141,17155
1151,17194
1161,17106
1171,17163
1181,17064
1191,16996
1201,16951
1211,16982
1221,16883
1231,16785
1241,16784
1251,16858
1261,16829
1271,16811
1281,16840
1291,16959
1301,17079
1311,17172
1321,17051
1331,17195
1341,17221
1351,17267
1361,17273
1371,17279
1381,17380
1391,17404
1401,17412
1411,17467
1421,17500
1431,17540
1441,17540
1451,17582
1461,17541
1471,17377
1481,17326
1491,17317
1501,17343
1511,17364
1521,17411
1531,17535
1541,17506
1551,17604
1561,17619
1571,17621
1581,17654
1591,17665
1601,17714
1611,17655
1621,17838
1631,17835
1641,17868
1651,17917
1661,18044
1671,18016
1681,17898
1691,17875
1701,17806
1711,17837
1721,17921
1731,17882
1741,17790
1751,17804
1761,17663
1771,17689
1781,17668
1791,17659
1801,17678
1811,17533
1821,17586
1831,17652
1841,17639
1851,17605
1861,17670
1871,17667
1881,17584
1891,17650
1901,17708
1911,17598
1921,17691
1931,17671
1941,17678
1951,17683
1961,17590
1971,17531
1981,17577
1991,17530
2001,17573
2011,17694
2021,17830
2031,17783
2041,17782
2051,17776
2061,17720
2071,17853
2081,17704
2091,17743
2101,17565
2111,17602
2121,17812
2131,17779
2141,17929
2151,17924
2161,17920
2171,17884
2181,17818
2191,17819
2201,17551
2211,17607
2221,17746
2231,17823
2241,17659
2251,17729
2261,17613
2271,17696
2281,17763
2291,17827
2301,17836
2311,17910
2321,18016
2331,17935
2341,17802
2351,17664
2361,17672
2371,17701
2381,17716
2391,17739
2401,17755
2411,17912
2421,17886
2431,18037
2441,17919
2451,17866
2461,17836
2471,17861
2481,17830
2491,17678
2501,17621
2511,17469
2521,17408
2531,17355
2541,17311
2551,17445
2561,17653
2571,17602
2581,17730
2591,17694
2601,17555
2611,17432
2621,17461
2631,17348
2641,17347
2651,17414
2661,17277
2671,17226
2681,17235
2691,17252
2701,17297
2711,17249
2721,17220
2731,17365
2741,17367
2751,17332
2761,17345
2771,17460
2781,17391
2791,17464
2801,17456
2811,17392
2821,17467
2831,17439
2841,17283
2851,17240
2861,17164
2871,17316
2881,17272
2891,17263
2901,17276
2911,17303
2921,17409
2931,17358
2941,17238
2951,17356
2961,17357
2971,17300
2981,17377
2991,17448
3001,17495
3011,17474
3021,17498
3031,17713
3041,17732
3051,17685
3061,17713
3071,17786
3081,17703
3091,17595
3101,17598
3111,17644
3121,17652
3131,17534
3141,17376
3151,17321
3161,17349
3171,17232
3181,17320
3191,17342
3201,17442
3211,17435
3221,17529
3231,17497
3241,17512
3251,17551
3261,17414
3271,17390
3281,17360
3291,17432
3301,17270
3311,17384
3321,17344
3331,17399
3341,17599
3351,17525
3361,17652
3371,17509
3381,17378
3391,17582
3401,17521
3411,17586
3421,17497
3431,17502
3441,17537
3451,17579
3461,17495
3471,17525
3481,17409
3491,17298
3501,17298
3511,17206
3521,17140
3531,17145
3541,17226
3551,17262
3561,17157
3571,17160
3581,17130
3591,17113
3601,17211
3611,17265
3621,17357
3631,17431
3641,17381
3651,17419
3661,17515
3671,17394
3681,17188
3691,17097
3701,17150
3711,17129
3721,17044
3731,17303
3741,17397
3751,17383
3761,17278
3771,17199
3781,17242
3791,17314
3801,17404
3811,17306
3821,17430
3831,17318
3841,17339
3851,17446
3861,17426
3871,17468
3881,17668
3891,17677
3901,17698
3911,17596
3921,17784
3931,17909
3941,17754
3951,17838
3961,17740
3971,17727
3981,17777
3991,17766
4001,17600
4011,17521
4021,17404
4031,17262
4041,17345
4051,17335
4061,17317
4071,17264
4081,17237
4091,17215
4101,17117
4111,17063
4121,16987
4131,17144
4141,17209
4151,17288
4161,17286
4171,17201
4181,17137
4191,17319
4201,17309
4211,17239
4221,17133
4231,17204
4241,17246
4251,17038
4261,17026
4271,17073
4281,17136
4291,17002
4301,17005
4311,17023
4321,16985
4331,16895
4341,16978
4351,17053
4361,17202
4371,17243
4381,17300
4391,17343
4401,17374
4411,17460
4421,17494
4431,17667
4441,17827
4451,17847
4461,17887
4471,17830
4481,17748
4491,17726
4501,17504
4511,17541
4521,17525
4531,17550
4541,17779
4551,17834
4561,17619
4571,17772
4581,17678
4591,17610
4601,17710
4611,17687
4621,17651
4631,17638
4641,17587
4651,17610
4661,17755
4671,17693
4681,17696
4691,17765
4701,17705
4711,17629
4721,17681
4731,17543
4741,17602
4751,17713
4761,17907
4771,17984
4781,17823
4791,17776
4801,17745
4811,17598
4821,17642
4831,17707
4841,17850
4851,17888
4861,17864
4871,17735
4881,17645
4891,17728
4901,17719
4911,17754
4921,17628
4931,17568
4941,17532
4951,17352
4961,17389
4971,17306
4981,17320
4991,17261
5001,17174
5011,17198
5021,17461
5031,17563
5041,17508
5051,17595
5061,17526
5071,17395
5081,17343
5091,17373
5101,17464
5111,17473
5121,17485
5131,17366
5141,17252
5151,17352
5161,17502
5171,17434
5181,17413
5191,17425
5201,17380
5211,17396
5221,17324
5231,17211
5241,17239
5251,17134
5261,17139
5271,17111
5281,17157
5291,17353
5301,17421
5311,17371
5321,17355
5331,17305
5341,17387
5351,17656
5361,17739
5371,17648
5381,17596
5391,17602
5401,17539
5411,17422
5421,17418
5431,17598
5441,17472
5451,17478
5461,17612
5471,17722
5481,17527
5491,17404
5501,17394
5511,17419
5521,17479
5531,17456
5541,17562
5551,17654
5561,17600
5571,17704
5581,17751
5591,17692
5601,17756
5611,17612
5621,17564
5631,17428
5641,17365
5651,17257
5661,17384
5671,17322
5681,17326
5691,17424
5701,17539
5711,17500
5721,17438
5731,17466
5741,17468
5751,17435
5761,17460
5771,17583
5781,17560
5791,17543
5801,17447
5811,17417
5821,17441
5831,17463
5841,17509
5851,17444
5861,17518
5871,17466
5881,17509
5891,17525
5901,17439
5911,17316
5921,17331
5931,17323
5941,17356
5951,17316
5961,17307
5971,17209
5981,17126
5991,17080
6001,17277
6011,17380
6021,17228
6031,17403
6041,17307
6051,17376
6061,17267
6071,17364
6081,17351
6091,17397
6101,17431
6111,17473
6121,17529
6131,17408
6141,17298
6151,17331
6161,17274
6171,17331
6181,17405
6191,17272
6201,17264
6211,17255
6221,17332
6231,17469
6241,17427
6251,17339
6261,17330
6271,17322
6281,17236
6291,17300
6301,17431
6311,17400
6321,17337
6331,17267
6341,17375
6351,17518
6361,17419
6371,17446
6381,17344
6391,17368
6401,17491
6411,17476
6421,17496
6431,17652
6441,17515
6451,17597
6461,17603
6471,17670
6481,17590
6491,17475
6501,17455
6511,17378
6521,17385
6531,17276
6541,17254
6551,17220
6561,17329
6571,17307
6581,17248
6591,17232
6601,17225
6611,17280
6621,17436
6631,17451
6641,17580
6651,17614
6661,17686
6671,17654
6681,17727
6691,17608
6701,17523
6711,17573
6721,17466
6731,17474
6741,17588
6751,17599
6761,17569
6771,17684
6781,17720
6791,17628
6801,17573
6811,17449
6821,17365
6831,17352
6841,17230
6851,17058
6861,17087
6871,17140
6881,17167
6891,17114
6901,17283
6911,17224
6921,17187
6931,17179
6941,17308
6951,17321
6961,17340
6971,17209
6981,17178
6991,17203
7001,17304
7011,17356
7021,17467
7031,17466
7041,17494
7051,17463
7061,17494
7071,17457
7081,17500
7091,17523
7101,17572
7111,17461
7121,17579
7131,17665
7141,17732
7151,17728
7161,17624
7171,17624
7181,17644
7191,17602
7201,17673
7211,17525
7221,17383
7231,17330
7241,17265
7251,17207
7261,17258
7271,17241
7281,17285
7291,17295
7301,17370
7311,17481
7321,17446
7331,17462
7341,17472
7351,17622
7361,17528
7371,17469
7381,17388
7391,17334
7401,17341
7411,17235
7421,17312
7431,17386
7441,17367
7451,17381
7461,17467
7471,17485
7481,17454
7491,17365
7501,17330
7511,17201
7521,17424
7531,17358
7541,17354
7551,17384
7561,17476
7571,17572
7581,17612
7591,17729
7601,17706
7611,17575
7621,17493
7631,17574
7641,17600
7651,17718
7661,17644
7671,17697
7681,17572
7691,17521
7701,17522
7711,17544
7721,17450
7731,17425
7741,17389
7751,17330
7761,17195
7771,17285
7781,17377
7791,17382
7801,17414
7811,17578
7821,17509
7831,17517
7841,17614
7851,17706
7861,17714
7871,17552
7881,17726
7891,17652
7901,17657
7911,17539
7921,17584
7931,17497
7941,17411
7951,17435
7961,17441
7971,17404
7981,17440
7991,17371
8001,17525
8011,17431
8021,17360
8031,17408
8041,17508
8051,17679
8061,17877
8071,17887
8081,17833
8091,17753
8101,17706
8111,17743
8121,17596
8131,17556
8141,17530
8151,17678
8161,17595
8171,17568
8181,17499
8191,17590
8201,17609
8211,17628
8221,17561
8231,17643
8241,17554
8251,17494
8261,17417
8271,17328
8281,17259
8291,17314
8301,17342
8311,17354
8321,17257
8331,17199
8341,17159
8351,17167
8361,17268
8371,17241
8381,17369
8391,17432
8401,17429
8411,17460
8421,17524
8431,17488
8441,17518
8451,17437
8461,17311
8471,17217
8481,17201
8491,17208
8501,17264
8511,17087
8521,17099
8531,17128
8541,17052
8551,17199
8561,17039
8571,17123
8581,17208
8591,17220
8601,17220
8611,17312
8621,17390
8631,17313
8641,17265
8651,17310
8661,17322
8671,17424
8681,17397
8691,17379
8701,17352
8711,17351
8721,17322
8731,17428
8741,17338
8751,17279
8761,17268
8771,17166
8781,17144
8791,17146
8801,17244
8811,17212
8821,17292
8831,17260
8841,17299
8851,17281
8861,17304
8871,17384
8881,17402
8891,17469
8901,17489
8911,17630
8921,17509
8931,17496
8941,17500
8951,17470
8961,17589
8971,17572
8981,17464
8991,17445
9001,17328
9011,17437
9021,17568
9031,17626
9041,17566
9051,17521
9061,17561
9071,17399
9081,17417
9091,17370
9101,17285
9111,17165
9121,17304
9131,17304
9141,17292
9151,17330
9161,17271
9171,17414
9181,17395
9191,17357
9201,17507
9211,17426
9221,17241
9231,17293
9241,17426
9251,17341
9261,17372
9271,17302
9281,17176
9291,17251
9301,17340
9311,17209
9321,17207
9331,17131
9341,17129
9351,17199
9361,17098
9371,17172
9381,17126
9391,16951
9401,16878
9411,16961
9421,17094
9431,17007
9441,17057
9451,16915
9461,16903
9471,16861
9481,16905
9491,17026
9501,17130
9511,17122
9521,17193
9531,17184
9541,17274
9551,17327
9561,17194
9571,17112
9581,17123
9591,17066
9601,17019
9611,17129
9621,17079
9631,17127
9641,17118
9651,17083
9661,17074
9671,17217
9681,17265
9691,17382
9701,17388
9711,17383
9721,17407
9731,17463
9741,17531
9751,17586
9761,17695
9771,17671
9781,17737
9791,17679
9801,17723
9811,17684
9821,17698
9831,17599
9841,17459
9851,17356
9861,17256
9871,17246
9881,17202
9891,17143
9901,17197
9911,17215
9921,17286
9931,17239
9941,17394
9951,17398
9961,17506
9971,17578
9981,17487
9991,17599
10001,17548
10011,17592
10021,17473
10031,17501
10041,17459
10051,17381
10061,17347
10071,17388
10081,17272
10091,17200
10101,17195
10111,17224
10121,17258
10131,17304
10141,17193
10151,17200
10161,17222
10171,17191
10181,17128
10191,17155
10201,17170
10211,16994
10221,17046
10231,17074
10241,17136
10251,17087
10261,17209
10271,17227
10281,17209
10291,17212
10301,17332
10311,17279
10321,17236
10331,17373
10341,17321
10351,17435
10361,17346
10371,17348
10381,17444
10391,17333
10401,17326
10411,17392
10421,17524
10431,17654
10441,17642
10451,17619
10461,17563
10471,17671
10481,17738
10491,17765
10501,17756
10511,17705
10521,17597
10531,17617
10541,17559
10551,17480
10561,17443
10571,17587
10581,17573
10591,17272
10601,17334
10611,17450
10621,17519
10631,17555
10641,17562
10651,17447
10661,17552
10671,17571
10681,17499
10691,17511
10701,17572
10711,17636
10721,17723
10731,17840
10741,17701
10751,17791
10761,17732
10771,17618
10781,17513
10791,17395
10801,17424
10811,17350
10821,17329
10831,17394
10841,17318
10851,17332
10861,17409
10871,17536
10881,17495
10891,17537
10901,17535
10911,17534
10921,17473
10931,17251
10941,17227
10951,17246
10961,17253
10971,17424
10981,17346
10991,17269
11001,17294
11011,17219
11021,17315
11031,17312
11041,17269
11051,17179
11061,17190
11071,17309
11081,17355
11091,17384
11101,17391
11111,17420
11121,17516
11131,17539
11141,17563
11151,17539
11161,17453
11171,17378
11181,17339
11191,17305
11201,17317
11211,17296
11221,17284
11231,17341
11241,17348
11251,17382
11261,17349
11271,17341
11281,17450
11291,17520
11301,17546
11311,17583
11321,17598
11331,17600
11341,17461
11351,17489
11361,17447
11371,17359
11381,17320
11391,17281
11401,17343
11411,17393
11421,17405
11431,17387
11441,17296
11451,17372
11461,17357
11471,17329
11481,17347
11491,17485
11501,17477
11511,17518
11521,17405
11531,17332
11541,17316
11551,17292
11561,17148
11571,16906
11581,16908
11591,16991
11601,17083
11611,17219
11621,17017
11631,16991
11641,17070
11651,17035
11661,17040
11671,17118
11681,17087
11691,17063
11701,17009
11711,17028
11721,16930
11731,17112
11741,17128
11751,16969
11761,17202
11771,17176
11781,17194
11791,17226
11801,17194
11811,17207
11821,17119
11831,17150
11841,17218
11851,17162
11861,17113
11871,17167
11881,17147
11891,17184
11901,17178
11911,17165
11921,17295
11931,17421
11941,17465
11951,17525
11961,17516
11971,17497
11981,17567
11991,17524
12001,17528
12011,17612
12021,17531
12031,17450
12041,17533
12051,17400
12061,17427
12071,17502
12081,17372
12091,17385
12101,17434
12111,17293
12121,17437
12131,17592
12141,17617
12151,17659
12161,17672
12171,17532
12181,17720
12191,17817
12201,17807
12211,17787
12221,17848
12231,17827
12241,17706
12251,17723
12261,17608
12271,17630
12281,17675
12291,17548
12301,17478
12311,17696
12321,17672
12331,17700
12341,17662
12351,17785
12361,17735
12371,17720
12381,17591
12391,17583
12401,17536
12411,17593
12421,17628
12431,17652
12441,17653
12451,17544
12461,17606
12471,17706
12481,17705
12491,17596
12501,17513
12511,17516
12521,17573
12531,17667
