generation,num_individuals,maxm2
1,100,0
11,99,0
21,101,0.1
31,122,0.1
41,129,0.1
51,141,0.1
61,151,0.1
71,164,0.1
81,159,0.1
91,167,0.1
101,203,0.1
111,235,0.1
121,252,0.1
131,252,0.1
141,272,0.1
151,293,0.1
161,323,0.1
171,340,0.2
181,346,0.2
191,350,0.2
201,373,0.2
211,411,0.2
221,450,0.2
231,499,0.2
241,534,0.2
251,575,0.2
261,636,0.2
271,669,0.2
281,724,0.2
291,834,0.2
301,886,0.2
311,971,0.2
321,1113,0.2
331,1241,0.2
341,1317,0.2
351,1426,0.2
361,1581,0.3
371,1706,0.3
381,1876,0.3
391,2063,0.3
401,2226,0.3
411,2400,0.3
421,2556,0.3
431,2674,0.3
441,2943,0.3
451,3161,0.3
461,3434,0.3
471,3703,0.3
481,3980,0.3
491,4293,0.3
501,4559,0.3
511,4900,0.3
521,5250,0.3
531,5577,0.3
541,5910,0.4
551,6264,0.3
561,6632,0.3
571,6971,0.3
581,7218,0.4
591,7570,0.4
601,7882,0.4
611,8246,0.4
621,8681,0.4
631,9035,0.4
641,9560,0.4
651,10059,0.4
661,10479,0.4
671,10885,0.4
681,11388,0.4
691,11758,0.4
701,12137,0.4
711,12587,0.4
721,12870,0.4
731,13227,0.4
741,13542,0.4
751,14003,0.4
761,14299,0.4
771,14644,0.4
781,14958,0.4
791,15348,0.4
801,15498,0.5
811,15711,0.5
821,15934,0.5
831,16277,0.5
841,16475,0.6
851,16729,0.6
861,16967,0.6
871,17230,0.6
881,17521,0.6
891,17639,0.6
901,17736,0.5
911,17979,0.5
921,18003,0.5
931,18033,0.5
941,18081,0.4
951,18163,0.4
961,18392,0.4
971,18534,0.4
981,18690,0.4
991,18759,0.4
1001,18854,0.5
1011,18884,0.5
1021,19023,0.5
1031,19092,0.5
1041,19049,0.5
1051,19094,0.5
1061,19264,0.5
1071,19160,0.5
1081,19120,0.5
1091,18867,0.5
1101,18884,0.5
1111,18932,0.5
1121,18977,0.5
1131,19045,0.5
1141,19028,0.5
1151,19252,0.5
1161,19251,0.5
1171,19209,0.5
1181,19139,0.5
1191,19255,0.5
1201,19318,0.5
1211,19330,0.5
1221,19297,0.5
1231,19333,0.5
1241,19348,0.5
1251,19376,0.5
1261,19573,0.5
1271,19478,0.5
1281,19519,0.6
1291,19612,0.6
1301,19644,0.6
1311,19680,0.6
1321,19729,0.6
1331,19773,0.6
1341,19823,0.6
1351,19908,0.6
1361,19962,0.6
1371,19770,0.6
1381,19596,0.6
1391,19640,0.6
1401,19683,0.6
1411,19695,0.6
1421,19873,0.6
1431,19947,0.6
1441,19952,0.6
1451,19882,0.6
1461,19958,0.6
1471,19980,0.6
1481,20047,0.5
1491,20007,0.5
1501,19970,0.5
1511,20010,0.6
1521,19984,0.6
1531,19946,0.6
1541,20031,0.6
1551,19865,0.6
1561,20010,0.6
1571,19872,0.6
1581,19834,0.6
1591,19921,0.6
1601,19892,0.6
1611,19789,0.5
1621,19640,0.5
1631,19534,0.5
1641,19502,0.5
1651,19462,0.5
1661,19374,0.5
1671,19325,0.5
1681,19405,0.6
1691,19582,0.5
1701,19501,0.5
1711,19526,0.5
1721,19635,0.5
1731,19605,0.6
1741,19552,0.6
1751,19655,0.6
1761,19921,0.6
1771,20035,0.6
1781,19920,0.6
1791,19848,0.6
1801,19792,0.6
1811,19867,0.6
1821,19758,0.6
1831,19926,0.6
1841,20072,0.6
1851,19960,0.6
1861,19799,0.6
1871,19803,0.6
1881,19797,0.6
1891,19640,0.6
1901,19759,0.6
1911,19836,0.6
1921,19726,0.6
1931,19667,0.6
1941,19722,0.6
1951,19738,0.6
1961,19581,0.6
1971,19648,0.6
1981,19675,0.6
1991,19686,0.6
2001,19749,0.6
2011,19759,0.6
2021,19700,0.6
2031,19598,0.6
2041,19613,0.6
2051,19646,0.6
2061,19562,0.6
2071,19438,0.6
2081,19388,0.6
2091,19459,0.6
2101,19422,0.6
2111,19409,0.6
2121,19401,0.7
2131,19503,0.7
2141,19556,0.7
2151,19322,0.7
2161,19509,0.7
2171,19665,0.7
2181,19654,0.7
2191,19625,0.7
2201,19788,0.7
2211,19764,0.7
2221,19718,0.7
2231,19809,0.7
2241,19954,0.7
2251,20118,0.7
2261,20137,0.7
2271,20057,0.7
2281,20005,0.7
2291,19930,0.7
2301,19972,0.7
2311,20155,0.7
2321,19980,0.7
2331,20097,0.7
2341,20282,0.7
2351,20268,0.7
2361,20185,0.7
2371,20060,0.7
2381,20064,0.7
2391,20132,0.7
2401,20161,0.7
2411,20284,0.7
2421,20270,0.7
2431,20262,0.7
2441,20156,0.7
2451,20191,0.7
2461,20191,0.7
2471,20246,0.7
2481,20047,0.7
2491,19874,0.7
2501,19815,0.7
2511,19802,0.7
2521,19856,0.7
2531,19865,0.7
2541,19935,0.7
2551,19796,0.7
2561,19602,0.7
2571,19437,0.7
2581,19376,0.7
2591,19510,0.7
2601,19479,0.8
2611,19822,0.7
2621,19867,0.7
2631,19775,0.7
2641,19853,0.7
2651,19739,0.7
2661,19667,0.8
2671,19681,0.8
2681,19621,0.8
2691,19824,0.8
2701,19834,0.8
2711,19720,0.8
2721,19743,0.8
2731,19571,0.8
2741,19611,0.8
2751,19644,0.8
2761,19641,0.8
2771,19552,0.8
2781,19569,0.9
2791,19591,0.9
2801,19544,0.9
2811,19490,0.9
2821,19496,0.9
2831,19502,0.9
2841,19496,0.9
2851,19604,0.8
2861,19470,0.8
2871,19390,0.8
2881,19474,0.8
2891,19524,0.8
2901,19606,0.8
2911,19648,0.8
2921,19666,0.8
2931,19780,0.8
2941,19852,0.8
2951,19804,0.8
2961,19803,0.8
2971,19668,0.8
2981,19617,0.8
2991,19616,0.8
3001,19686,0.8
3011,19591,0.8
3021,19573,0.8
3031,19524,0.8
3041,19553,0.8
3051,19529,0.8
3061,19533,0.8
3071,19655,0.9
3081,19651,0.9
3091,19602,0.8
3101,19572,0.8
3111,19628,0.8
3121,19561,0.8
3131,19596,0.8
3141,19559,0.8
3151,19579,0.8
3161,19710,0.8
3171,19553,0.8
3181,19508,0.8
3191,19658,0.8
3201,19693,0.8
3211,19776,0.8
3221,19840,0.8
3231,19846,0.8
3241,19821,0.8
3251,19671,0.8
3261,19755,0.8
3271,19752,0.8
3281,19773,0.8
3291,19747,0.8
3301,19874,0.8
3311,19803,0.8
3321,19834,0.8
3331,19679,0.8
3341,19522,0.8
3351,19583,0.8
3361,19602,0.8
3371,19575,0.9
3381,19472,0.8
3391,19327,0.8
3401,19454,0.8
3411,19299,0.8
3421,19451,0.8
3431,19466,0.8
3441,19511,0.8
3451,19521,0.8
3461,19596,0.8
3471,19640,0.8
3481,19689,0.8
3491,19810,0.8
3501,19876,0.8
3511,19796,0.8
3521,19758,0.9
3531,19751,0.9
3541,19652,0.9
3551,19631,0.9
3561,19513,0.9
3571,19417,0.9
3581,19446,0.9
3591,19529,0.9
3601,19690,0.9
3611,19734,0.9
3621,19770,0.9
3631,19787,0.9
3641,19716,0.9
3651,19748,0.9
3661,19791,0.9
3671,19757,0.9
3681,19741,0.9
3691,19704,0.8
3701,19856,0.8
3711,19890,0.8
3721,19830,0.8
3731,19928,0.8
3741,19971,0.8
3751,20048,0.8
3761,20126,0.8
3771,20221,0.8
3781,20269,0.8
3791,20323,0.8
3801,20401,0.8
3811,20395,0.8
3821,20298,0.8
3831,20191,0.8
3841,20186,0.8
3851,20055,0.8
3861,19938,0.8
3871,19994,0.8
3881,19974,0.8
3891,19972,0.8
3901,20009,0.8
3911,19963,0.9
3921,20101,0.9
3931,20091,0.8
3941,20186,0.8
3951,20124,0.8
3961,19907,0.8
3971,19869,0.8
3981,19896,0.8
3991,19821,0.8
4001,19906,0.8
4011,19949,0.8
4021,19859,0.8
4031,19817,0.8
4041,19888,0.8
4051,19956,0.8
4061,20022,0.8
4071,20019,0.8
4081,20064,0.8
4091,20025,0.8
4101,20016,0.8
4111,20050,0.8
4121,19941,0.8
4131,20029,0.9
4141,20181,0.9
4151,20060,0.9
4161,20081,0.9
4171,20163,0.9
4181,20087,0.9
4191,19954,0.9
4201,19914,0.9
4211,19884,0.9
4221,19836,0.9
4231,19849,0.9
4241,19897,0.9
4251,19826,0.9
4261,19875,0.9
4271,19989,0.9
4281,20059,0.9
4291,19976,0.9
4301,19885,0.9
4311,19818,0.8
4321,19891,0.8
4331,19882,0.8
4341,19857,0.8
4351,19950,0.8
4361,19919,0.8
4371,19927,0.8
4381,19993,0.8
4391,19914,0.8
4401,19932,0.8
4411,19780,0.8
4421,19819,0.8
4431,20024,0.8
4441,19958,0.8
4451,19812,0.8
4461,19909,0.8
4471,19756,0.8
4481,19772,0.8
4491,19766,0.8
4501,19877,0.8
4511,19903,0.8
4521,19979,0.8
4531,20049,0.8
4541,20173,0.8
4551,20236,0.8
4561,20101,0.8
4571,19956,0.8
4581,19953,0.9
4591,20065,0.9
4601,20040,0.8
4611,19995,0.8
4621,19892,0.8
4631,19875,0.8
4641,19875,0.8
4651,19918,0.8
4661,20055,0.8
4671,19952,0.8
4681,20018,0.8
4691,20004,0.8
4701,20017,0.8
4711,20020,0.9
4721,19936,0.9
4731,20026,0.9
4741,19886,0.8
4751,19806,0.8
4761,19625,0.8
4771,19620,0.8
4781,19786,0.8
4791,19764,0.8
4801,19688,0.9
4811,19712,0.9
4821,19782,0.9
4831,19623,0.9
4841,19529,0.9
4851,19603,0.9
4861,19616,0.9
4871,19520,0.9
4881,19595,0.9
4891,19740,0.9
4901,19864,0.9
4911,19783,0.9
4921,19736,0.9
4931,19784,0.9
4941,19726,0.9
4951,19704,0.9
4961,19869,0.9
4971,19885,0.9
4981,19944,0.9
4991,19983,0.9
5001,20075,0.9
5011,20138,0.9
5021,20082,0.9
5031,20038,0.9
5041,20053,0.9
5051,20040,0.8
5061,19912,0.8
5071,19794,0.8
5081,19614,0.9
5091,19633,0.8
5101,19633,0.8
5111,19706,0.9
5121,19620,0.9
5131,19639,0.9
5141,19589,0.9
5151,19501,0.9
5161,19510,0.9
5171,19592,0.9
5181,19542,0.9
5191,19675,0.9
5201,19638,0.9
5211,19731,0.9
5221,19728,0.9
5231,19615,0.9
5241,19786,0.9
5251,19686,0.9
5261,19753,0.9
5271,19731,0.9
5281,19771,0.9
5291,19826,0.9
5301,19663,0.9
5311,19711,0.9
5321,19731,0.9
5331,19669,0.9
5341,19739,0.9
5351,19912,0.9
5361,19915,0.9
5371,19930,0.9
5381,20030,0.9
5391,20011,0.9
5401,19907,0.9
5411,19846,0.9
5421,19931,0.9
5431,19913,0.9
5441,20091,0.9
5451,20144,0.9
5461,20186,0.9
5471,20151,0.9
5481,20257,0.9
5491,20141,0.9
5501,20064,0.9
5511,20000,0.9
5521,20100,0.9
5531,20110,0.9
5541,20235,0.9
5551,20204,0.9
5561,20186,1
5571,19915,1
5581,19850,1
5591,19809,1
5601,19785,1
5611,19823,1
5621,19819,1.1
5631,19946,1.1
5641,19902,1.1
5651,19996,1.1
5661,20159,1.1
5671,19985,1.1
5681,19908,1
5691,19827,1
5701,19810,1
5711,19858,1
5721,19764,1
5731,19862,1
5741,19796,1
5751,19858,1
5761,19915,1
5771,19982,1
5781,19985,1
5791,19910,1
5801,19980,1
5811,19899,1
5821,19749,1
5831,19637,0.9
5841,19691,0.9
5851,19629,0.9
5861,19658,0.9
5871,19564,0.9
5881,19624,0.9
5891,19709,0.9
5901,19805,0.9
5911,19733,0.9
5921,19749,0.9
5931,19821,0.9
5941,19878,1
5951,19860,1
5961,20023,1
5971,20065,1
5981,20177,1
5991,20118,1
6001,20036,1
6011,20160,1
6021,20037,1
6031,20002,1
6041,20023,1
6051,19946,1
6061,19914,1
6071,19954,1
6081,20008,1
6091,20090,1
6101,20213,1
6111,20207,1
6121,20002,1
6131,20071,1
6141,20104,1
6151,19999,1
6161,20194,1
6171,20059,1
6181,20034,1
6191,20058,1
6201,20148,1
6211,20032,1
6221,20040,1
6231,19925,1
6241,19959,1
6251,19900,1
6261,19825,1
6271,19781,1
6281,19756,1
6291,19657,1
6301,19522,1
6311,19399,1
6321,19453,1
6331,19474,1
6341,19597,1
6351,19647,1
6361,19625,1
6371,19770,1
6381,19985,1
6391,19933,1
6401,19832,1
6411,19830,1
6421,19814,1
6431,19941,1
6441,19824,1
6451,19858,1
6461,19933,1
6471,19763,1
6481,19785,1
6491,19855,1
6501,19824,1
6511,19812,1
6521,19764,1
6531,19786,1
6541,19930,0.9
6551,19821,0.9
6561,19792,0.9
6571,19837,0.9
6581,19843,0.9
6591,19867,0.9
6601,19915,1
6611,19816,1
6621,19855,0.9
6631,19910,0.9
6641,19931,0.9
6651,20069,1
6661,20028,1
6671,20143,1
6681,20011,1
6691,20013,1
6701,20203,1
6711,20218,1
6721,20106,1
6731,19994,1
6741,19958,1
6751,20070,1
6761,20039,1
6771,19996,1
6781,19949,1
6791,19991,1
6801,20086,1
6811,20033,1
6821,20179,1
6831,20215,1
6841,20018,1
6851,20073,1
6861,19916,1.1
6871,19962,1.1
6881,19940,1.1
6891,19826,1.1
6901,19809,1.1
6911,19969,1.2
6921,19856,1.1
6931,19848,1.1
6941,19827,1.1
6951,19797,1.1
6961,19839,1.1
6971,20018,1.1
6981,19938,1.1
6991,19854,1.1
7001,19846,1.1
7011,19847,1.1
7021,19785,1.1
7031,19723,1.1
7041,19797,1.1
7051,19985,1.1
7061,19962,1.1
7071,20001,1
7081,19872,1
7091,19817,1
7101,19725,1
7111,19757,1
7121,19715,1
7131,19594,1
7141,19543,1
7151,19611,1
7161,19646,1.1
7171,19800,1.1
7181,19836,1.1
7191,19849,1.1
7201,19830,1.1
7211,19855,1.1
7221,19829,1.1
7231,19810,1.1
7241,19798,1.1
7251,19648,1.1
7261,19694,1.1
7271,19670,1.1
7281,19854,1.1
7291,20000,1.1
7301,19982,1.1
7311,19846,1.1
7321,19799,1.1
7331,19958,1.1
7341,19975,1.1
7351,20066,1.1
7361,20004,1.1
7371,19914,1.1
7381,19894,1.1
7391,19842,1.1
7401,19895,1.1
7411,19957,1.1
7421,19942,1.1
7431,19997,1.1
7441,20027,1.1
7451,20006,1.1
7461,20024,1.1
7471,20042,1.1
7481,20086,1.1
7491,20141,1.1
7501,20163,1.1
7511,20104,1.1
7521,20194,1.1
7531,20131,1.1
7541,20061,1.1
7551,20014,1.1
7561,19893,1.1
7571,19875,1.1
7581,19899,1.1
7591,19847,1.1
7601,19853,1.1
7611,20055,1.2
7621,20038,1.1
7631,20047,1.1
7641,19997,1.1
7651,20005,1.1
7661,20095,1.1
7671,20183,1.1
7681,20074,1.1
7691,19949,1.1
7701,20045,1.1
7711,19955,1.1
7721,20093,1.1
7731,20022,1.1
7741,20011,1.1
7751,19938,1.1
7761,20030,1.1
7771,19956,1.1
7781,19945,1.1
7791,20048,1.1
7801,20017,1.1
7811,19995,1.1
7821,20044,1.1
7831,20123,1.1
7841,20003,1.1
7851,19982,1.2
7861,20132,1.2
7871,20024,1.2
7881,20087,1.1
7891,20123,1.1
7901,20138,1.1
7911,20024,1.1
7921,20213,1.1
7931,20119,1.1
7941,19996,1.1
7951,20051,1.1
7961,19958,1.1
7971,19900,1.1
7981,20002,1.1
7991,20086,1.1
8001,20002,1.1
8011,19965,1.1
8021,20038,1.1
8031,20053,1.1
8041,20030,1.1
8051,20016,1.1
8061,20100,1.1
8071,20033,1.1
8081,20069,1.1
8091,20199,1.1
8101,20097,1.1
8111,20192,1.1
8121,20111,1.1
8131,20250,1.1
8141,20148,1.1
8151,20120,1.1
8161,20088,1.2
8171,20062,1.2
8181,20008,1.2
8191,20080,1.2
8201,20222,1.2
8211,20077,1.2
8221,20074,1.3
8231,20035,1.3
8241,20202,1.3
8251,20285,1.3
8261,20147,1.2
8271,20117,1.2
8281,20169,1.2
8291,20211,1.1
8301,20172,1.1
8311,20179,1.1
8321,20062,1.1
8331,20035,1.1
8341,19865,1.1
8351,19875,1.1
8361,19967,1.1
8371,20031,1.1
8381,19950,1.2
8391,19976,1.2
8401,19970,1.2
8411,20051,1.2
8421,19857,1.2
8431,19868,1.2
8441,20054,1.2
8451,20198,1.2
8461,20065,1.2
8471,20048,1.2
8481,19980,1.2
8491,19944,1.2
8501,19941,1.2
8511,20073,1.2
8521,20054,1.2
8531,20085,1.2
8541,19930,1.2
8551,19934,1.2
8561,19925,1.2
8571,19912,1.2
8581,19989,1.2
8591,20151,1.2
8601,20095,1.2
8611,20022,1.2
8621,20069,1.1
8631,19933,1.1
8641,20072,1.1
8651,20053,1.1
8661,20058,1.1
8671,19983,1.1
8681,19982,1.1
8691,20064,1.1
8701,20028,1.1
8711,20200,1.1
8721,20093,1.1
8731,20099,1.1
8741,20023,1.1
8751,20021,1.1
8761,19920,1.1
8771,19989,1.1
8781,19793,1.1
8791,19839,1.1
8801,19918,1.1
8811,19916,1.1
8821,19842,1.1
8831,19881,1.1
8841,19814,1.1
8851,19767,1.1
8861,19718,1.1
8871,19660,1.2
8881,19538,1.2
8891,19511,1.2
8901,19503,1.2
8911,19617,1.2
8921,19667,1.2
8931,19701,1.2
8941,19769,1.2
8951,19646,1.2
8961,19684,1.2
8971,19551,1.2
8981,19441,1.2
8991,19456,1.2
9001,19421,1.2
9011,19517,1.2
9021,19740,1.2
9031,19726,1.2
9041,19669,1.2
9051,19597,1.2
9061,19583,1.2
9071,19615,1.2
9081,19644,1.2
9091,19546,1.3
9101,19616,1.3
9111,19717,1.3
9121,19712,1.3
9131,19701,1.2
9141,19569,1.2
9151,19595,1.2
9161,19635,1.2
9171,19633,1.2
9181,19575,1.2
9191,19653,1.2
9201,19640,1.2
9211,19775,1.2
9221,19824,1.2
9231,19900,1.2
9241,19995,1.2
9251,20044,1.2
9261,19850,1.3
9271,19865,1.3
9281,19809,1.3
9291,19759,1.2
9301,19729,1.2
9311,19773,1.2
9321,19613,1.2
9331,19780,1.2
9341,19936,1.2
9351,19933,1.2
9361,19903,1.2
9371,19831,1.2
9381,19841,1.2
9391,19792,1.2
9401,19967,1.2
9411,19842,1.2
9421,19634,1.2
9431,19586,1.2
9441,19529,1.2
9451,19442,1.2
9461,19467,1.2
9471,19470,1.2
9481,19442,1.2
9491,19515,1.2
9501,19475,1.2
9511,19599,1.2
9521,19711,1.2
9531,19550,1.2
9541,19588,1.2
9551,19793,1.2
9561,19708,1.2
9571,19741,1.2
9581,19561,1.2
9591,19551,1.2
9601,19647,1.2
9611,19624,1.2
9621,19550,1.2
9631,19607,1.2
9641,19724,1.2
9651,19608,1.2
9661,19690,1.2
9671,19813,1.2
9681,19910,1.2
9691,19769,1.2
9701,19814,1.2
9711,19951,1.2
9721,19949,1.2
9731,20017,1.2
9741,19889,1.2
9751,19904,1.2
9761,19671,1.2
9771,19688,1.2
9781,19734,1.2
9791,19780,1.2
9801,19858,1.2
9811,19806,1.2
9821,19793,1.2
9831,19693,1.2
9841,19698,1.2
9851,19638,1.2
9861,19618,1.2
9871,19516,1.2
9881,19412,1.2
9891,19463,1.2
9901,19409,1.2
9911,19454,1.2
9921,19473,1.3
9931,19559,1.3
9941,19601,1.2
9951,19591,1.2
9961,19600,1.2
9971,19569,1.2
9981,19657,1.2
9991,19773,1.2
10001,19817,1.2
10011,19682,1.2
10021,19761,1.2
10031,20035,1.2
10041,20133,1.2
10051,20019,1.2
10061,20002,1.2
10071,19966,1.3
10081,19863,1.3
10091,19925,1.3
10101,19697,1.3
10111,19770,1.3
10121,19842,1.3
10131,19676,1.3
10141,19625,1.3
10151,19736,1.3
10161,19769,1.3
10171,19836,1.3
10181,19656,1.3
10191,19713,1.3
10201,19801,1.3
10211,19837,1.2
10221,19910,1.2
10231,19947,1.2
10241,20065,1.2
10251,19903,1.2
10261,20057,1.2
10271,20070,1.2
10281,20227,1.2
10291,20113,1.2
10301,20302,1.2
10311,20270,1.2
10321,20350,1.2
10331,20755,1.2
10341,21170,1.2
10351,21694,1.2
10361,22733,1.2
10371,24267,1.2
10381,26321,1.2
10391,29198,1.2
10401,33298,1.2
10411,38879,1.2
10421,45926,1.2
10431,54670,1.2
10441,65569,1.2
10451,77990,1.2
10461,91748,1.2
