generation,num_individuals,maxm2
1,100,0
11,106,0
21,116,0.1
31,101,0.1
41,94,0.1
51,99,0.1
61,96,0.1
71,88,0
81,97,0
91,99,0.1
101,102,0.1
111,113,0.1
121,107,0.1
131,109,0.2
141,106,0.2
151,101,0.2
161,104,0.1
171,107,0.1
181,113,0.1
191,126,0.1
201,134,0.1
211,128,0.1
221,126,0.1
231,122,0.1
241,124,0.1
251,141,0.1
261,142,0.1
271,144,0.2
281,137,0.1
291,137,0.1
301,132,0.1
311,121,0.1
321,122,0.1
331,112,0.1
341,106,0.1
351,106,0.1
361,109,0.1
371,112,0.1
381,119,0.1
391,132,0.1
401,123,0.1
411,111,0.1
421,97,0.1
431,91,0.1
441,89,0.1
451,101,0.1
461,99,0.1
471,102,0.1
481,102,0.1
491,112,0.1
501,111,0.2
511,102,0.2
521,104,0.2
531,103,0.2
541,99,0.2
551,92,0.2
561,97,0.2
571,83,0.2
581,75,0.1
591,71,0.1
601,67,0.1
611,75,0.1
621,80,0.1
631,72,0.1
641,72,0.1
651,86,0.1
661,78,0.1
671,78,0.1
681,84,0.1
691,94,0.2
701,83,0.1
711,75,0.2
721,77,0.2
731,76,0.2
741,71,0.2
751,62,0.2
761,60,0.2
771,56,0.2
781,56,0.2
791,65,0.2
801,65,0.2
811,62,0.2
821,62,0.2
831,65,0.2
841,62,0.2
851,60,0.2
861,55,0.2
871,62,0.2
881,58,0.2
891,60,0.2
901,60,0.2
911,60,0.2
921,58,0.2
931,59,0.2
941,53,0.2
951,50,0.2
961,50,0.2
971,44,0.2
981,49,0.2
991,55,0.1
1001,67,0.1
1011,62,0.1
1021,67,0.1
1031,61,0.1
1041,58,0.1
1051,66,0.1
1061,69,0.1
1071,68,0.1
1081,65,0
1091,66,0
1101,57,0
1111,55,0
1121,54,0
1131,48,0
1141,37,0
1151,35,0
1161,37,0
1171,35,0.1
1181,29,0.1
1191,33,0.1
1201,33,0.1
1211,36,0.1
1221,38,0.1
1231,36,0.1
1241,37,0.1
1251,45,0.1
1261,48,0.1
1271,44,0.1
1281,44,0.1
1291,51,0.1
1301,55,0.1
1311,51,0.1
1321,49,0.1
1331,42,0.1
1341,43,0.1
1351,36,0.1
1361,35,0.1
1371,32,0.1
1381,30,0.1
1391,37,0.1
1401,45,0.1
1411,38,0.1
1421,38,0.1
1431,42,0.1
1441,49,0.1
1451,47,0.1
1461,48,0.1
1471,46,0.1
1481,46,0.2
1491,45,0.2
1501,43,0.1
1511,40,0.1
1521,35,0.1
1531,40,0.1
1541,42,0.1
1551,46,0.1
1561,51,0.1
1571,55,0.1
1581,56,0.1
1591,56,0.1
1601,57,0.1
1611,68,0.1
1621,72,0.1
1631,76,0.1
1641,84,0.1
1651,81,0.1
1661,85,0.1
1671,91,0.1
1681,84,0.1
1691,82,0.1
1701,81,0.1
1711,88,0.1
1721,90,0.1
1731,86,0.1
1741,84,0.1
1751,83,0.1
1761,76,0.1
1771,86,0.1
1781,84,0.1
1791,97,0.1
1801,97,0.1
1811,95,0.1
1821,95,0.1
1831,109,0.1
1841,98,0.1
1851,104,0.1
1861,113,0.1
1871,107,0.1
1881,102,0.2
1891,96,0.2
1901,89,0.1
1911,99,0.1
1921,107,0.1
1931,102,0.1
1941,100,0.1
1951,99,0.1
1961,97,0.1
1971,79,0.1
1981,90,0.1
1991,95,0.1
2001,92,0.1
2011,78,0.1
2021,80,0.1
2031,79,0.1
2041,77,0.1
2051,81,0.1
2061,80,0.1
2071,77,0.1
2081,74,0.1
2091,81,0.2
2101,73,0.1
2111,71,0.2
2121,65,0.2
2131,66,0.1
2141,64,0.1
2151,54,0.1
2161,54,0.1
2171,56,0.1
2181,52,0.1
2191,45,0.1
2201,40,0.1
2211,32,0.1
2221,33,0.1
2231,32,0.1
2241,29,0.1
2251,29,0.1
2261,27,0.1
2271,32,0.1
2281,37,0.1
2291,33,0.1
2301,30,0.1
2311,28,0.1
2321,37,0.1
2331,31,0.1
2341,34,0.1
2351,37,0.2
2361,35,0.2
2371,36,0.2
2381,41,0.2
2391,38,0.2
2401,46,0.2
2411,45,0.2
2421,49,0.1
2431,53,0.1
2441,55,0.1
2451,57,0.1
2461,54,0.1
2471,60,0.1
2481,65,0.1
2491,58,0.1
2501,65,0.1
2511,67,0.1
2521,58,0.1
2531,60,0.1
2541,61,0.1
2551,61,0.1
2561,58,0.1
2571,67,0.2
2581,62,0.2
2591,57,0.2
2601,50,0.2
2611,54,0.2
2621,62,0.2
2631,57,0.2
2641,62,0.2
2651,56,0.2
2661,48,0.2
2671,52,0.2
2681,54,0.2
2691,54,0.2
2701,51,0.2
2711,54,0.2
2721,57,0.3
2731,57,0.3
2741,61,0.2
2751,54,0.2
2761,50,0.2
2771,51,0.2
2781,58,0.2
2791,64,0.2
2801,59,0.2
2811,63,0.2
2821,62,0.2
2831,68,0.2
2841,71,0.2
2851,74,0.2
2861,85,0.2
2871,82,0.2
2881,84,0.2
2891,85,0.2
2901,77,0.2
2911,71,0.2
2921,67,0.2
2931,65,0.2
2941,67,0.1
2951,62,0.1
2961,62,0.1
2971,57,0.1
2981,64,0.2
2991,64,0.2
3001,59,0.2
3011,63,0.2
3021,64,0.2
3031,67,0.2
3041,63,0.2
3051,67,0.2
3061,69,0.2
3071,72,0.2
3081,71,0.2
3091,64,0.2
3101,63,0.2
3111,67,0.2
3121,63,0.2
3131,64,0.2
3141,64,0.2
3151,67,0.2
3161,72,0.2
3171,78,0.2
3181,66,0.2
3191,68,0.2
3201,67,0.2
3211,72,0.2
3221,82,0.2
3231,77,0.2
3241,69,0.2
3251,81,0.2
3261,78,0.2
3271,76,0.2
3281,68,0.1
3291,63,0.1
3301,61,0.1
3311,65,0.2
3321,55,0.2
3331,60,0.2
3341,62,0.2
3351,67,0.2
3361,56,0.2
3371,56,0.2
3381,55,0.3
3391,57,0.2
3401,54,0.2
3411,58,0.2
3421,54,0.2
3431,56,0.2
3441,53,0.3
3451,48,0.3
3461,41,0.3
3471,43,0.3
3481,39,0.3
3491,42,0.3
3501,40,0.2
3511,39,0.2
3521,42,0.2
3531,50,0.2
3541,50,0.2
3551,58,0.2
3561,56,0.2
3571,53,0.2
3581,51,0.3
3591,45,0.3
3601,33,0.2
3611,32,0.2
3621,35,0.2
3631,33,0.2
3641,33,0.2
3651,34,0.2
3661,29,0.2
3671,24,0.2
3681,25,0.2
3691,24,0.2
3701,21,0.2
3711,27,0.2
3721,24,0.2
3731,21,0.2
3741,21,0.2
3751,27,0.2
3761,24,0.2
3771,30,0.2
3781,25,0.2
3791,21,0.2
3801,29,0.2
3811,28,0.2
3821,28,0.2
3831,23,0.2
3841,25,0.2
3851,23,0.2
3861,26,0.2
3871,24,0.2
3881,21,0.2
3891,17,0.2
3901,17,0.2
3911,18,0.2
3921,20,0.2
3931,23,0.2
3941,22,0.2
3951,16,0.2
3961,19,0.2
3971,20,0.2
3981,21,0.2
3991,21,0.2
4001,21,0.2
4011,20,0.2
4021,15,0.2
4031,17,0.2
4041,16,0.2
4051,16,0.2
4061,20,0.2
4071,16,0.2
4081,21,0.2
4091,19,0.2
4101,20,0.2
4111,19,0.2
4121,20,0.2
4131,19,0.2
4141,21,0.2
4151,17,0.2
4161,16,0.2
4171,17,0.2
4181,16,0.2
4191,13,0.2
4201,12,0.2
4211,14,0.2
4221,15,0.2
4231,14,0.2
4241,16,0.2
4251,14,0.2
4261,12,0.2
4271,12,0.2
4281,12,0.2
4291,17,0.2
4301,19,0.2
4311,13,0.2
4321,10,0.2
4331,11,0.2
4341,11,0.2
4351,13,0.2
4361,9,0.2
4371,7,0.2
4381,6,0.2
4391,8,0.2
4401,6,0.2
4411,5,0.2
4421,5,0.2
4431,9,0.2
4441,8,0.2
4451,12,0.2
4461,12,0.2
4471,11,0.2
4481,20,0.2
4491,22,0.2
4501,25,0.2
4511,32,0.2
4521,29,0.3
4531,29,0.3
4541,35,0.3
4551,34,0.3
4561,36,0.3
4571,43,0.3
4581,46,0.4
4591,49,0.4
4601,48,0.4
4611,48,0.4
4621,55,0.4
4631,49,0.4
4641,51,0.4
4651,50,0.4
4661,47,0.3
4671,50,0.3
4681,42,0.3
4691,45,0.3
4701,46,0.3
4711,39,0.3
4721,39,0.3
4731,37,0.3
4741,35,0.3
4751,36,0.3
4761,39,0.3
4771,31,0.3
4781,30,0.3
4791,31,0.3
4801,26,0.3
4811,27,0.3
4821,29,0.3
4831,27,0.3
4841,24,0.3
4851,26,0.3
4861,28,0.3
4871,32,0.3
4881,23,0.3
4891,25,0.3
4901,23,0.3
4911,25,0.4
4921,24,0.4
4931,22,0.4
4941,23,0.4
4951,23,0.4
4961,19,0.4
4971,17,0.4
4981,21,0.4
4991,30,0.4
5001,30,0.4
5011,31,0.4
5021,30,0.4
5031,28,0.4
5041,27,0.4
5051,35,0.4
5061,30,0.4
5071,27,0.4
5081,26,0.4
5091,25,0.2
5101,25,0.2
5111,25,0.2
5121,29,0.2
5131,26,0.2
5141,26,0.2
5151,20,0.2
5161,25,0.2
5171,24,0.2
5181,23,0.2
5191,22,0.2
5201,26,0.2
5211,33,0.2
5221,26,0.2
5231,27,0.2
5241,19,0.2
5251,22,0.2
5261,22,0.3
5271,20,0.3
5281,15,0.3
5291,14,0.3
5301,14,0.3
5311,18,0.3
5321,15,0.3
5331,20,0.3
5341,20,0.3
5351,24,0.3
5361,26,0.3
5371,24,0.2
5381,22,0.2
5391,20,0.2
5401,18,0.2
5411,16,0.2
5421,18,0.2
5431,19,0.2
5441,15,0.2
5451,14,0.2
5461,18,0.2
5471,17,0.2
5481,22,0.2
5491,24,0.2
5501,16,0.2
5511,18,0.2
5521,16,0.2
5531,14,0.3
5541,13,0.3
5551,12,0.3
5561,10,0.3
5571,16,0.3
5581,17,0.3
5591,20,0.3
5601,14,0.3
5611,15,0.3
5621,16,0.3
5631,16,0.3
5641,20,0.3
5651,21,0.3
5661,20,0.3
5671,18,0.3
5681,24,0.3
5691,26,0.3
5701,27,0.3
5711,29,0.3
5721,31,0.3
5731,40,0.3
5741,38,0.3
5751,36,0.3
5761,32,0.3
5771,30,0.3
5781,33,0.3
5791,36,0.3
5801,35,0.3
5811,42,0.3
5821,50,0.3
5831,46,0.2
5841,42,0.2
5851,41,0.2
5861,42,0.2
5871,43,0.2
5881,50,0.3
5891,54,0.3
5901,53,0.3
5911,51,0.3
5921,51,0.3
5931,58,0.3
5941,57,0.3
5951,62,0.3
5961,70,0.3
5971,76,0.3
5981,78,0.3
5991,80,0.3
6001,79,0.3
6011,82,0.3
6021,74,0.3
6031,70,0.3
6041,72,0.3
6051,71,0.3
6061,53,0.3
6071,56,0.3
6081,61,0.3
6091,60,0.3
6101,58,0.3
6111,52,0.3
6121,56,0.3
6131,60,0.3
6141,59,0.3
6151,52,0.3
6161,60,0.3
6171,58,0.3
6181,50,0.3
6191,50,0.3
6201,46,0.3
6211,48,0.3
6221,48,0.3
6231,50,0.3
6241,55,0.3
6251,60,0.3
6261,59,0.3
6271,53,0.3
6281,54,0.3
6291,54,0.3
6301,61,0.3
6311,68,0.3
6321,67,0.3
6331,67,0.3
6341,84,0.3
6351,84,0.3
6361,89,0.4
6371,87,0.4
6381,92,0.4
6391,94,0.4
6401,87,0.4
6411,70,0.4
6421,70,0.5
6431,79,0.5
6441,76,0.5
6451,91,0.5
6461,87,0.4
6471,96,0.4
6481,107,0.4
6491,95,0.4
6501,106,0.4
6511,102,0.4
6521,109,0.3
6531,99,0.3
6541,104,0.4
6551,120,0.4
6561,120,0.4
6571,115,0.4
6581,133,0.4
6591,132,0.4
6601,138,0.4
6611,141,0.4
6621,134,0.4
6631,125,0.4
6641,133,0.4
6651,132,0.4
6661,139,0.4
6671,128,0.4
6681,135,0.4
6691,137,0.4
6701,141,0.4
6711,148,0.4
6721,147,0.5
6731,161,0.5
6741,158,0.5
6751,165,0.5
6761,160,0.5
6771,161,0.5
6781,157,0.5
6791,159,0.5
6801,166,0.5
6811,175,0.5
6821,201,0.5
6831,195,0.5
6841,184,0.5
6851,193,0.5
6861,185,0.5
6871,177,0.5
6881,171,0.5
6891,163,0.5
6901,176,0.5
6911,191,0.5
6921,192,0.5
6931,212,0.5
6941,205,0.5
6951,229,0.5
6961,228,0.5
6971,230,0.5
6981,235,0.5
6991,233,0.5
7001,244,0.5
7011,258,0.5
7021,262,0.5
7031,246,0.5
7041,250,0.6
7051,236,0.6
7061,226,0.6
7071,243,0.6
7081,244,0.6
7091,241,0.6
7101,258,0.6
7111,258,0.6
7121,253,0.6
7131,258,0.6
7141,273,0.6
7151,294,0.6
7161,303,0.6
7171,307,0.6
7181,293,0.6
7191,268,0.6
7201,270,0.6
7211,269,0.6
7221,257,0.6
7231,277,0.6
7241,287,0.6
7251,299,0.6
7261,297,0.6
7271,305,0.7
7281,299,0.7
7291,323,0.7
7301,305,0.7
7311,321,0.7
7321,307,0.7
7331,287,0.7
7341,315,0.7
7351,319,0.7
7361,307,0.7
7371,305,0.7
7381,282,0.7
7391,293,0.7
7401,289,0.7
7411,299,0.7
7421,282,0.7
7431,279,0.7
7441,278,0.7
7451,294,0.7
7461,302,0.7
7471,326,0.7
7481,334,0.7
7491,325,0.7
7501,336,0.7
7511,327,0.7
7521,316,0.7
7531,319,0.7
7541,335,0.7
7551,344,0.7
7561,362,0.7
7571,357,0.7
7581,353,0.7
7591,349,0.7
7601,342,0.7
7611,336,0.7
7621,353,0.7
7631,343,0.7
7641,373,0.7
7651,368,0.7
7661,390,0.7
7671,404,0.7
7681,397,0.7
7691,391,0.7
7701,414,0.7
7711,432,0.7
7721,434,0.7
7731,443,0.7
7741,451,0.5
7751,440,0.5
7761,450,0.5
7771,434,0.5
7781,417,0.5
7791,399,0.5
7801,403,0.5
7811,403,0.5
7821,399,0.5
7831,419,0.5
7841,405,0.5
7851,424,0.5
7861,421,0.5
7871,411,0.5
7881,390,0.5
7891,377,0.5
7901,392,0.5
7911,383,0.5
7921,386,0.5
7931,382,0.5
7941,380,0.5
7951,397,0.5
7961,396,0.5
7971,395,0.5
7981,398,0.5
7991,394,0.5
8001,400,0.5
8011,411,0.5
8021,402,0.5
8031,371,0.5
8041,357,0.5
8051,360,0.5
8061,343,0.5
8071,340,0.5
8081,337,0.5
8091,313,0.5
8101,313,0.5
8111,306,0.5
8121,297,0.5
8131,272,0.5
8141,265,0.5
8151,291,0.5
8161,293,0.5
8171,323,0.6
8181,316,0.6
8191,297,0.6
8201,307,0.6
8211,301,0.6
8221,292,0.7
8231,291,0.7
8241,291,0.7
8251,301,0.8
8261,293,0.7
8271,291,0.7
8281,300,0.7
8291,300,0.8
8301,320,0.8
8311,341,0.8
8321,344,0.8
8331,341,0.8
8341,345,0.8
8351,360,0.8
8361,363,0.8
8371,370,0.8
8381,385,0.7
8391,399,0.7
8401,383,0.7
8411,372,0.7
8421,357,0.7
8431,355,0.7
8441,377,0.7
8451,379,0.7
8461,369,0.7
8471,386,0.7
8481,403,0.7
8491,380,0.7
8501,378,0.7
8511,380,0.7
8521,401,0.7
8531,395,0.7
8541,404,0.7
8551,410,0.7
8561,413,0.7
8571,418,0.7
8581,442,0.7
8591,429,0.7
8601,434,0.7
8611,437,0.7
8621,434,0.7
8631,438,0.7
8641,437,0.7
8651,410,0.7
8661,406,0.7
8671,417,0.7
8681,420,0.7
8691,432,0.7
8701,430,0.7
8711,430,0.7
8721,411,0.7
8731,404,0.7
8741,415,0.7
8751,420,0.7
8761,400,0.7
8771,400,0.7
8781,398,0.7
8791,383,0.7
8801,376,0.7
8811,366,0.8
8821,357,0.8
8831,354,0.8
8841,352,0.8
8851,336,0.8
8861,305,0.8
8871,317,0.8
8881,324,0.8
8891,336,0.8
8901,318,0.8
8911,321,0.8
8921,293,0.8
8931,272,0.8
8941,285,0.8
8951,272,0.8
8961,271,0.8
8971,287,0.8
8981,278,0.8
8991,282,0.8
9001,269,0.8
9011,262,0.7
9021,271,0.7
9031,268,0.7
9041,276,0.7
9051,261,0.7
9061,261,0.7
9071,242,0.7
9081,259,0.7
9091,259,0.7
9101,286,0.7
9111,299,0.7
9121,300,0.7
9131,284,0.7
9141,283,0.7
9151,272,0.7
9161,269,0.7
9171,280,0.7
9181,273,0.7
9191,287,0.7
9201,270,0.7
9211,256,0.7
9221,268,0.7
9231,266,0.7
9241,247,0.7
9251,248,0.7
9261,232,0.7
9271,246,0.7
9281,263,0.7
9291,246,0.7
9301,257,0.7
9311,251,0.7
9321,261,0.5
9331,244,0.5
9341,265,0.6
9351,261,0.6
9361,271,0.6
9371,265,0.5
9381,261,0.5
9391,271,0.6
9401,272,0.6
9411,281,0.6
9421,290,0.5
9431,290,0.5
9441,287,0.5
9451,286,0.6
9461,298,0.6
9471,329,0.5
9481,344,0.5
9491,371,0.6
9501,369,0.6
9511,352,0.6
9521,362,0.6
9531,377,0.6
9541,368,0.6
9551,361,0.6
9561,375,0.6
9571,365,0.7
9581,355,0.7
9591,355,0.6
9601,348,0.6
9611,364,0.6
9621,391,0.6
9631,379,0.6
9641,395,0.6
9651,412,0.6
9661,425,0.7
9671,414,0.6
9681,418,0.6
9691,406,0.6
9701,378,0.6
9711,371,0.6
9721,359,0.6
9731,364,0.6
9741,374,0.6
9751,365,0.6
9761,344,0.6
9771,355,0.6
9781,334,0.6
9791,333,0.6
9801,338,0.6
9811,351,0.6
9821,346,0.6
9831,335,0.6
9841,334,0.6
9851,347,0.6
9861,335,0.6
9871,343,0.6
9881,336,0.6
9891,330,0.6
9901,324,0.6
9911,324,0.6
9921,333,0.6
9931,337,0.6
9941,349,0.6
9951,361,0.6
9961,331,0.6
9971,320,0.6
9981,324,0.6
9991,322,0.6
10001,331,0.6
10011,326,0.6
10021,313,0.6
10031,317,0.6
10041,317,0.6
10051,332,0.6
10061,330,0.6
10071,360,0.6
10081,372,0.6
10091,366,0.6
10101,359,0.6
10111,348,0.6
10121,355,0.6
10131,364,0.6
10141,392,0.6
10151,366,0.6
10161,356,0.6
10171,376,0.6
10181,397,0.6
10191,409,0.6
10201,399,0.6
10211,369,0.6
10221,361,0.6
10231,369,0.6
10241,373,0.6
10251,397,0.6
10261,373,0.6
10271,405,0.6
10281,404,0.6
10291,393,0.6
10301,400,0.6
10311,418,0.6
10321,392,0.6
10331,376,0.6
10341,389,0.6
10351,371,0.6
10361,390,0.6
10371,373,0.6
10381,372,0.6
10391,368,0.6
10401,368,0.6
10411,374,0.6
10421,373,0.6
10431,372,0.6
10441,370,0.6
10451,385,0.6
10461,393,0.6
10471,393,0.6
10481,401,0.6
10491,396,0.6
10501,374,0.6
10511,354,0.6
10521,346,0.6
10531,353,0.6
10541,386,0.6
10551,374,0.6
10561,363,0.6
10571,359,0.6
10581,365,0.6
10591,389,0.6
10601,367,0.6
10611,384,0.6
10621,399,0.6
10631,368,0.6
10641,357,0.6
10651,352,0.6
10661,367,0.7
10671,349,0.7
10681,361,0.7
10691,330,0.7
10701,334,0.7
10711,321,0.7
10721,294,0.7
10731,303,0.7
10741,317,0.7
10751,322,0.6
10761,319,0.6
10771,338,0.6
10781,326,0.6
10791,329,0.6
10801,307,0.6
10811,302,0.6
10821,300,0.6
10831,289,0.6
10841,282,0.6
10851,273,0.6
10861,281,0.6
10871,300,0.6
10881,324,0.6
10891,309,0.6
10901,323,0.6
10911,351,0.6
10921,345,0.6
10931,330,0.6
10941,321,0.6
10951,337,0.6
10961,343,0.6
10971,312,0.6
10981,326,0.6
10991,339,0.6
11001,330,0.6
11011,331,0.6
11021,325,0.6
11031,331,0.6
11041,312,0.7
11051,314,0.7
11061,289,0.7
11071,299,0.7
11081,291,0.7
11091,295,0.7
11101,284,0.7
11111,280,0.7
11121,282,0.6
11131,289,0.7
11141,290,0.7
11151,269,0.7
11161,242,0.6
11171,241,0.6
11181,241,0.6
11191,236,0.6
11201,241,0.6
11211,262,0.7
11221,269,0.7
11231,276,0.7
11241,280,0.7
11251,275,0.7
11261,278,0.7
11271,299,0.7
11281,322,0.7
11291,316,0.7
11301,335,0.7
11311,344,0.7
11321,341,0.7
11331,335,0.7
11341,351,0.7
11351,351,0.7
11361,356,0.7
11371,352,0.7
11381,334,0.7
11391,351,0.7
11401,347,0.7
11411,346,0.7
11421,336,0.7
11431,327,0.7
11441,320,0.7
11451,321,0.7
11461,333,0.7
11471,341,0.7
11481,332,0.7
11491,334,0.7
11501,332,0.8
11511,330,0.7
11521,332,0.7
11531,330,0.7
11541,343,0.7
11551,354,0.7
11561,372,0.7
11571,355,0.7
11581,364,0.7
11591,339,0.7
11601,366,0.7
11611,374,0.7
11621,363,0.6
11631,371,0.7
11641,361,0.7
11651,394,0.7
11661,400,0.6
11671,406,0.6
11681,413,0.6
11691,411,0.6
11701,411,0.6
11711,407,0.6
11721,425,0.6
11731,413,0.7
11741,398,0.7
11751,383,0.7
11761,392,0.7
11771,401,0.7
11781,399,0.7
11791,432,0.7
11801,423,0.7
11811,426,0.7
11821,439,0.7
11831,438,0.7
11841,435,0.6
11851,436,0.6
11861,436,0.6
11871,430,0.6
11881,427,0.6
11891,437,0.7
11901,415,0.7
11911,408,0.7
11921,415,0.7
11931,430,0.7
11941,427,0.7
11951,450,0.7
11961,474,0.7
11971,474,0.7
11981,476,0.7
11991,492,0.7
12001,468,0.7
12011,468,0.7
12021,463,0.8
12031,469,0.8
12041,481,0.8
12051,464,0.8
12061,474,0.8
12071,475,0.7
12081,473,0.7
12091,484,0.7
12101,490,0.7
12111,491,0.9
12121,503,0.9
12131,505,0.9
12141,504,0.9
12151,500,0.9
12161,507,0.9
12171,497,0.9
12181,485,0.9
12191,468,0.9
12201,467,0.9
12211,438,0.9
12221,430,0.9
12231,434,0.9
12241,425,0.9
12251,417,0.9
12261,423,0.9
12271,429,0.9
12281,419,0.9
12291,409,0.9
12301,419,0.9
12311,405,0.9
12321,391,0.9
12331,355,0.9
12341,370,0.9
12351,376,0.9
12361,392,0.9
12371,378,0.9
12381,389,0.9
12391,382,0.9
12401,384,0.9
12411,392,0.9
12421,402,0.9
12431,399,0.9
12441,419,0.9
12451,393,0.9
12461,406,0.9
12471,416,0.9
12481,418,0.9
12491,416,0.9
12501,426,0.9
12511,415,0.9
12521,414,0.9
12531,410,0.9
12541,422,0.9
12551,419,0.9
12561,416,0.9
12571,420,0.9
12581,433,0.9
12591,429,0.9
12601,458,0.9
12611,448,0.9
12621,424,0.9
12631,418,0.9
12641,425,0.9
12651,406,0.9
12661,421,0.9
12671,408,0.9
12681,385,0.9
12691,386,0.9
12701,365,0.9
12711,384,0.9
12721,375,0.9
12731,362,0.9
12741,354,0.9
12751,351,0.8
12761,360,0.8
12771,360,0.8
12781,353,0.8
12791,356,0.8
12801,343,0.8
12811,360,0.8
12821,371,0.8
12831,385,0.8
12841,384,0.8
12851,368,0.8
12861,367,0.8
12871,364,0.8
12881,378,0.8
12891,355,0.8
12901,361,0.8
12911,353,0.8
12921,356,0.8
12931,372,0.8
12941,357,0.8
12951,340,0.8
12961,332,0.8
12971,329,0.8
12981,333,0.8
12991,314,0.8
13001,313,0.8
13011,318,0.8
13021,306,0.8
13031,305,0.8
13041,319,0.8
13051,310,0.8
13061,315,0.9
13071,309,0.8
13081,334,0.8
13091,310,0.9
13101,302,0.9
13111,280,0.9
13121,297,0.9
13131,297,0.9
13141,304,0.9
13151,295,0.9
13161,280,0.9
13171,278,0.9
13181,288,0.9
13191,289,0.8
13201,294,0.8
13211,318,0.9
13221,304,0.9
13231,305,0.9
13241,305,0.9
13251,297,0.9
13261,287,0.9
13271,260,0.8
13281,249,0.8
13291,264,0.8
13301,240,0.8
13311,260,0.8
13321,282,0.8
13331,285,0.8
13341,306,0.8
13351,291,0.8
13361,316,0.8
13371,321,0.8
13381,317,0.8
13391,342,0.8
13401,345,0.9
13411,341,0.9
13421,349,0.9
13431,348,0.9
13441,353,0.9
13451,332,0.9
13461,346,0.9
13471,379,0.9
13481,401,0.9
13491,399,0.9
13501,426,0.9
13511,451,0.9
13521,456,0.9
13531,481,0.9
13541,458,0.9
13551,433,0.9
13561,408,0.9
13571,390,0.9
13581,407,0.9
13591,416,0.9
13601,412,0.9
13611,446,0.9
13621,462,0.9
13631,493,0.9
13641,480,0.9
13651,522,0.9
13661,510,0.9
13671,493,0.9
13681,479,0.9
13691,494,0.9
13701,483,0.9
13711,461,1
13721,443,1
13731,419,1
13741,405,1
13751,448,1
13761,435,1
13771,438,1
13781,445,1
13791,436,1
13801,444,1.1
13811,436,1.1
13821,438,1.1
13831,426,1.1
13841,420,1.1
13851,402,1.1
13861,375,1.1
13871,371,1.1
13881,370,1.1
13891,358,1
13901,370,1
13911,359,1
13921,356,1
13931,343,0.9
13941,336,0.9
13951,310,1
13961,300,1
13971,304,1
13981,318,1
13991,316,1
14001,306,1
14011,310,1
14021,328,1
14031,329,1
14041,346,1
14051,351,1
14061,340,1
14071,319,1
14081,314,1
14091,310,1
14101,312,1
14111,325,1
14121,342,1
14131,325,1
14141,310,1
14151,317,1
14161,316,1
14171,327,1
14181,318,1
14191,301,1
14201,301,1
14211,313,1
14221,307,1
14231,303,1
14241,290,1
14251,313,1.1
14261,324,1
14271,327,1
14281,307,1
14291,294,1.1
14301,292,1.1
14311,303,1.1
14321,295,1.1
14331,304,1.1
14341,295,1.1
14351,292,1.1
14361,284,1.1
14371,292,1.1
14381,290,1.1
14391,288,1.1
14401,268,1.1
14411,281,1.1
14421,296,1.1
14431,268,1.1
14441,252,1.1
14451,267,1.1
14461,255,1.1
14471,261,1.1
14481,286,1.1
14491,304,1.1
14501,310,1.1
14511,325,1.1
14521,328,1.1
14531,328,1.1
14541,338,1.1
14551,325,1.1
14561,311,1.1
14571,311,1.1
14581,302,1.1
14591,304,1.1
14601,294,1.1
14611,308,1.1
14621,320,1.1
14631,326,1.1
14641,305,1.1
14651,303,1.1
14661,289,1.2
14671,277,1.2
14681,273,1.2
14691,278,1.2
14701,279,1.2
14711,285,1.1
14721,271,1.2
14731,268,1.1
14741,294,1.1
14751,289,1.1
14761,271,0.8
14771,273,0.8
14781,277,0.8
14791,277,0.9
14801,289,0.8
14811,269,0.8
14821,265,0.8
14831,262,0.8
14841,244,0.8
14851,236,0.8
14861,231,0.8
14871,228,0.8
14881,230,0.8
14891,229,0.8
14901,246,0.8
14911,257,0.8
14921,261,0.8
14931,250,0.9
14941,226,0.9
14951,214,0.9
14961,205,0.9
14971,209,0.9
14981,214,0.9
14991,216,0.9
15001,206,0.9
15011,223,0.9
15021,210,0.9
15031,197,0.9
15041,202,0.9
15051,196,0.9
15061,191,0.9
15071,191,0.9
15081,175,0.9
15091,162,0.9
15101,162,0.9
15111,178,0.9
15121,189,0.9
15131,199,0.9
15141,194,0.9
15151,223,0.9
15161,224,0.9
15171,215,0.9
15181,225,0.9
15191,244,0.9
15201,249,0.9
15211,253,0.8
15221,253,0.8
15231,264,0.9
15241,257,0.8
15251,257,0.8
15261,265,0.8
15271,285,0.8
15281,289,0.8
15291,286,0.9
15301,314,0.9
15311,332,0.9
15321,308,0.9
15331,305,0.9
15341,296,0.9
15351,303,0.9
15361,300,0.9
15371,306,0.9
15381,292,0.9
15391,294,0.9
15401,281,0.9
15411,295,0.9
15421,296,0.9
15431,305,0.9
15441,321,0.9
15451,316,0.9
15461,318,0.9
15471,328,0.9
15481,339,0.9
15491,335,0.9
15501,323,0.9
15511,331,0.9
15521,333,0.9
15531,337,0.9
15541,349,0.9
15551,350,0.9
15561,343,0.9
15571,335,0.9
15581,320,0.9
15591,323,0.9
15601,323,0.9
15611,324,0.9
15621,315,0.9
15631,330,0.9
15641,329,0.9
15651,340,0.9
15661,334,0.9
15671,322,0.9
15681,323,0.9
15691,321,0.9
15701,323,0.9
15711,332,0.9
15721,351,0.9
15731,362,0.9
15741,372,0.9
15751,367,0.9
15761,357,0.9
15771,365,0.9
15781,401,0.9
15791,407,0.9
15801,417,0.9
15811,398,0.9
15821,400,0.9
15831,389,0.9
15841,378,0.9
15851,373,0.9
15861,387,0.9
15871,369,0.9
15881,387,1
15891,399,1
15901,395,1
15911,407,1
15921,415,1
15931,405,1
15941,442,1
15951,417,1
15961,421,1
15971,407,1
15981,374,1
15991,375,1
16001,371,1
16011,364,1
16021,367,1
16031,348,1
16041,337,1
16051,331,1
16061,304,0.9
16071,285,0.9
16081,266,0.9
16091,265,0.9
16101,291,0.9
16111,288,0.9
16121,290,0.9
16131,285,0.9
16141,295,0.9
16151,287,0.9
16161,282,0.9
16171,294,0.9
16181,286,0.9
16191,277,0.9
16201,293,0.9
16211,291,0.9
16221,280,0.9
16231,293,0.9
16241,304,1
16251,306,1
16261,291,1
16271,286,1
16281,265,1
16291,267,0.9
16301,259,0.9
16311,241,0.9
16321,244,0.9
16331,245,0.9
16341,242,0.9
16351,236,0.9
16361,227,0.9
16371,247,0.9
16381,223,0.9
16391,212,0.9
16401,209,0.9
16411,214,0.8
16421,202,0.8
16431,194,0.8
16441,185,0.8
16451,202,0.8
16461,169,0.8
16471,169,0.8
16481,161,0.8
16491,158,0.8
16501,149,0.8
16511,151,0.8
16521,147,0.8
16531,149,0.8
16541,159,0.8
16551,151,0.8
16561,149,0.8
16571,143,0.8
16581,147,0.8
16591,144,0.8
16601,132,0.8
16611,127,0.8
16621,116,0.8
16631,116,0.8
16641,116,0.8
16651,102,0.8
16661,107,0.8
16671,97,0.8
16681,78,0.8
16691,83,0.9
16701,75,0.8
16711,76,0.8
16721,76,0.8
16731,73,0.8
16741,62,0.8
16751,59,0.8
16761,48,0.8
16771,49,0.8
16781,55,0.8
16791,56,0.8
16801,58,0.8
16811,63,0.8
16821,60,0.8
16831,60,0.8
16841,64,0.6
16851,61,0.6
16861,55,0.6
16871,57,0.6
16881,60,0.6
16891,56,0.6
16901,48,0.6
16911,45,0.6
16921,47,0.6
16931,47,0.6
16941,41,0.7
16951,44,0.7
16961,51,0.7
16971,48,0.7
16981,42,0.7
16991,43,0.7
17001,45,0.7
17011,52,0.7
17021,62,0.7
17031,52,0.7
17041,55,0.7
17051,51,0.7
17061,48,0.7
17071,45,0.7
17081,37,0.7
17091,33,0.7
17101,33,0.7
17111,36,0.7
17121,36,0.9
17131,36,0.9
17141,43,0.9
17151,36,0.9
17161,35,0.9
17171,41,0.9
17181,43,0.9
17191,48,0.9
17201,51,0.9
17211,45,0.9
17221,52,0.9
17231,50,0.9
17241,46,0.9
17251,51,0.9
17261,53,0.9
17271,56,0.9
17281,53,0.9
17291,52,0.7
17301,48,0.7
17311,44,0.7
17321,44,0.8
17331,40,0.8
17341,44,0.8
17351,53,0.8
17361,61,0.8
17371,63,0.8
17381,66,0.8
17391,59,0.8
17401,61,0.8
17411,58,0.8
17421,55,0.8
17431,56,0.8
17441,55,0.8
17451,55,0.8
17461,54,0.8
17471,52,0.7
17481,54,0.7
17491,51,0.7
17501,48,0.7
17511,48,0.7
17521,37,0.7
17531,41,0.7
17541,37,0.7
17551,44,0.8
17561,41,0.8
17571,28,0.8
17581,28,0.7
17591,27,0.7
17601,27,0.7
17611,31,0.7
17621,38,0.7
17631,34,0.7
17641,44,0.7
17651,37,0.7
17661,40,0.7
17671,37,0.7
17681,38,0.7
17691,38,0.7
17701,41,0.7
17711,44,0.7
17721,47,0.7
17731,41,0.7
17741,52,0.7
17751,56,0.7
17761,55,0.7
17771,54,0.7
17781,62,0.8
17791,63,0.7
17801,69,0.7
17811,65,0.7
17821,51,0.7
17831,53,0.8
17841,57,0.8
17851,53,0.7
17861,46,0.7
17871,42,0.7
17881,42,0.7
17891,48,0.7
17901,46,0.7
17911,53,0.7
17921,54,0.7
17931,49,0.7
17941,55,0.8
17951,56,0.7
17961,55,0.7
17971,48,0.7
17981,48,0.7
17991,37,0.7
18001,36,0.7
18011,32,0.7
18021,36,0.7
18031,32,0.7
18041,35,0.7
18051,36,0.7
18061,38,0.7
18071,30,0.7
18081,33,0.7
18091,31,0.7
18101,35,0.7
18111,31,0.7
18121,35,0.7
18131,36,0.7
18141,31,0.7
18151,34,0.7
18161,36,0.7
18171,34,0.7
18181,38,0.7
18191,32,0.7
18201,30,0.7
18211,31,0.7
18221,27,0.7
18231,28,0.7
18241,30,0.7
18251,35,0.7
18261,37,0.7
18271,37,0.7
18281,43,0.7
18291,43,0.7
18301,46,0.7
18311,41,0.7
18321,32,0.7
18331,33,0.7
18341,33,0.7
18351,31,0.7
18361,34,0.7
18371,40,0.7
18381,36,0.7
18391,38,0.7
18401,37,0.7
18411,36,0.7
18421,45,0.7
18431,42,0.7
18441,33,0.7
18451,39,0.7
18461,42,0.7
18471,44,0.7
18481,44,0.8
18491,46,0.7
18501,45,0.7
18511,44,0.7
18521,47,0.7
18531,53,0.8
18541,50,0.8
18551,61,0.8
18561,55,0.8
18571,61,0.8
18581,65,0.8
18591,69,0.8
18601,71,0.8
18611,61,0.8
18621,67,0.8
18631,67,0.8
18641,66,0.8
18651,64,0.8
18661,69,0.8
18671,77,0.8
18681,92,0.8
18691,83,0.8
18701,85,0.8
18711,79,0.8
18721,85,0.8
18731,74,0.8
18741,85,0.8
18751,93,0.8
18761,99,0.8
18771,102,0.8
18781,97,0.8
18791,97,0.8
18801,90,0.8
18811,81,0.8
18821,74,0.8
18831,78,0.8
18841,69,0.8
18851,70,0.8
18861,79,0.8
18871,69,0.8
18881,65,0.8
18891,68,0.8
18901,73,0.8
18911,73,0.8
18921,74,0.8
18931,79,0.8
18941,79,0.8
18951,71,0.8
18961,78,0.8
18971,72,0.8
18981,80,0.8
18991,86,0.8
19001,88,0.8
19011,86,0.8
19021,84,0.8
19031,95,0.8
19041,96,0.8
19051,115,0.8
19061,107,0.8
19071,114,0.8
19081,117,0.8
19091,112,0.8
19101,117,0.8
19111,124,0.8
19121,118,0.8
19131,129,0.8
19141,132,0.8
19151,135,0.8
19161,132,0.8
19171,132,0.8
19181,125,0.8
19191,132,0.8
19201,128,0.8
19211,134,0.8
19221,136,0.8
19231,142,0.8
19241,141,0.8
19251,134,0.8
19261,148,0.8
19271,144,0.8
19281,150,0.8
19291,152,0.8
19301,153,0.8
19311,158,0.8
19321,181,0.8
19331,193,0.8
19341,191,0.8
19351,198,0.8
19361,175,0.8
19371,160,0.8
19381,162,0.8
19391,161,0.8
19401,166,0.8
19411,174,0.8
19421,171,0.8
19431,184,0.8
19441,189,0.8
19451,187,0.8
19461,189,0.8
19471,173,0.8
19481,186,0.8
19491,187,0.8
19501,204,0.8
19511,190,0.8
19521,189,0.8
19531,194,0.8
19541,195,0.8
19551,206,0.8
19561,207,0.8
19571,209,0.8
19581,201,0.8
19591,206,0.8
19601,208,0.8
19611,186,0.8
19621,170,0.8
19631,169,0.8
19641,175,0.8
19651,177,0.8
19661,170,0.8
19671,162,0.8
19681,154,0.8
19691,150,0.8
19701,149,0.8
19711,145,0.8
19721,132,0.8
19731,129,0.8
19741,125,0.8
19751,135,0.8
19761,152,0.8
19771,148,0.8
19781,143,0.8
19791,138,0.8
19801,132,0.8
19811,128,0.8
19821,126,0.8
19831,127,0.8
19841,99,0.8
19851,105,0.7
19861,102,0.7
19871,114,0.7
19881,119,0.7
19891,116,0.7
19901,127,0.7
19911,129,0.7
19921,139,0.7
19931,145,0.7
19941,148,0.7
19951,150,0.7
19961,148,0.8
19971,149,0.8
19981,153,0.8
19991,147,0.8
