generation,num_individuals,maxm2
1,100,0
11,115,0
21,130,0.1
31,129,0.1
41,131,0.1
51,140,0
61,158,0
71,157,0.1
81,154,0.1
91,152,0.1
101,138,0.2
111,135,0.2
121,140,0.2
131,143,0.2
141,143,0.2
151,157,0.2
161,164,0.2
171,166,0.2
181,175,0.2
191,171,0.2
201,171,0.2
211,171,0.2
221,176,0.2
231,176,0.2
241,184,0.2
251,197,0.2
261,200,0.2
271,193,0.2
281,206,0.2
291,221,0.2
301,225,0.2
311,244,0.2
321,270,0.2
331,280,0.1
341,280,0.1
351,293,0.1
361,295,0.2
371,314,0.1
381,329,0.2
391,342,0.1
401,364,0.2
411,385,0.1
421,391,0.1
431,416,0.2
441,439,0.2
451,460,0.2
461,478,0.1
471,495,0.1
481,508,0.1
491,565,0.2
501,582,0.2
511,601,0.2
521,613,0.2
531,626,0.2
541,634,0.2
551,652,0.2
561,691,0.2
571,733,0.2
581,752,0.2
591,797,0.2
601,864,0.2
611,901,0.2
621,953,0.2
631,1044,0.2
641,1045,0.2
651,1087,0.2
661,1087,0.3
671,1143,0.3
681,1162,0.3
691,1216,0.3
701,1212,0.3
711,1243,0.3
721,1288,0.3
731,1317,0.3
741,1350,0.3
751,1396,0.3
761,1413,0.3
771,1467,0.3
781,1458,0.3
791,1449,0.3
801,1540,0.3
811,1613,0.4
821,1638,0.3
831,1692,0.3
841,1756,0.3
851,1787,0.3
861,1877,0.3
871,1966,0.3
881,2044,0.3
891,2090,0.3
901,2127,0.3
911,2148,0.3
921,2187,0.3
931,2206,0.3
941,2308,0.4
951,2366,0.4
961,2436,0.4
971,2435,0.4
981,2491,0.4
991,2511,0.4
1001,2524,0.4
1011,2622,0.4
1021,2643,0.4
1031,2760,0.4
1041,2846,0.4
1051,2937,0.4
1061,3018,0.5
1071,3060,0.5
1081,3142,0.5
1091,3178,0.5
1101,3255,0.5
1111,3234,0.5
1121,3304,0.4
1131,3346,0.4
1141,3416,0.4
1151,3556,0.4
1161,3660,0.4
1171,3732,0.5
1181,3897,0.5
1191,3947,0.4
1201,3981,0.4
1211,4018,0.5
1221,4041,0.5
1231,4097,0.5
1241,4170,0.5
1251,4182,0.5
1261,4294,0.5
1271,4355,0.5
1281,4393,0.5
1291,4534,0.5
1301,4660,0.4
1311,4705,0.4
1321,4749,0.4
1331,4860,0.4
1341,4898,0.4
1351,4932,0.5
1361,4953,0.5
1371,5078,0.5
1381,5132,0.4
1391,5150,0.4
1401,5211,0.4
1411,5266,0.4
1421,5281,0.4
1431,5344,0.4
1441,5388,0.4
1451,5438,0.4
1461,5480,0.4
1471,5469,0.4
1481,5576,0.4
1491,5592,0.4
1501,5510,0.4
1511,5554,0.4
1521,5701,0.4
1531,5774,0.4
1541,5781,0.4
1551,5815,0.4
1561,5822,0.5
1571,5825,0.5
1581,5843,0.5
1591,5970,0.5
1601,6003,0.5
1611,6069,0.5
1621,6084,0.5
1631,6222,0.5
1641,6144,0.5
1651,6190,0.5
1661,6227,0.5
1671,6179,0.5
1681,6131,0.5
1691,6208,0.5
1701,6269,0.5
1711,6316,0.5
1721,6394,0.5
1731,6554,0.4
1741,6603,0.5
1751,6594,0.5
1761,6663,0.5
1771,6728,0.5
1781,6773,0.5
1791,6772,0.5
1801,6820,0.5
1811,6876,0.5
1821,6865,0.5
1831,6925,0.5
1841,6931,0.6
1851,7001,0.6
1861,7007,0.6
1871,7097,0.6
1881,7043,0.6
1891,7077,0.6
1901,7056,0.6
1911,7042,0.6
1921,7018,0.6
1931,7042,0.6
1941,7123,0.6
1951,7140,0.6
1961,7201,0.6
1971,7214,0.6
1981,7275,0.6
1991,7243,0.6
2001,7350,0.6
2011,7307,0.6
2021,7405,0.6
2031,7421,0.6
2041,7448,0.6
2051,7510,0.6
2061,7518,0.5
2071,7490,0.5
2081,7506,0.5
2091,7622,0.5
2101,7595,0.5
2111,7575,0.5
2121,7557,0.5
2131,7476,0.5
2141,7513,0.5
2151,7479,0.5
2161,7482,0.5
2171,7504,0.5
2181,7575,0.5
2191,7504,0.5
2201,7560,0.5
2211,7517,0.5
2221,7527,0.5
2231,7530,0.5
2241,7580,0.5
2251,7608,0.5
2261,7662,0.5
2271,7487,0.5
2281,7435,0.6
2291,7445,0.6
2301,7542,0.6
2311,7546,0.6
2321,7561,0.6
2331,7560,0.6
2341,7530,0.6
2351,7483,0.6
2361,7590,0.6
2371,7515,0.6
2381,7484,0.6
2391,7535,0.6
2401,7556,0.6
2411,7481,0.6
2421,7542,0.6
2431,7444,0.6
2441,7432,0.6
2451,7466,0.6
2461,7398,0.6
2471,7460,0.6
2481,7535,0.6
2491,7651,0.6
2501,7740,0.6
2511,7722,0.6
2521,7633,0.6
2531,7609,0.6
2541,7550,0.6
2551,7600,0.6
2561,7566,0.6
2571,7604,0.6
2581,7666,0.6
2591,7629,0.7
2601,7624,0.7
2611,7588,0.7
2621,7582,0.7
2631,7493,0.7
2641,7623,0.7
2651,7585,0.7
2661,7519,0.7
2671,7491,0.7
2681,7566,0.7
2691,7514,0.7
2701,7506,0.7
2711,7501,0.7
2721,7581,0.7
2731,7555,0.7
2741,7577,0.7
2751,7633,0.7
2761,7630,0.7
2771,7669,0.7
2781,7640,0.7
2791,7606,0.7
2801,7728,0.7
2811,7695,0.7
2821,7709,0.7
2831,7767,0.7
2841,7836,0.8
2851,7853,0.8
2861,7802,0.8
2871,7730,0.8
2881,7764,0.8
2891,7828,0.8
2901,7814,0.8
2911,7948,0.8
2921,7873,0.8
2931,7884,0.8
2941,7828,0.8
2951,7766,0.8
2961,7763,0.8
2971,7777,0.8
2981,7746,0.8
2991,7667,0.8
3001,7660,0.8
3011,7664,0.9
3021,7676,0.9
3031,7676,0.9
3041,7640,0.9
3051,7627,0.9
3061,7683,0.9
3071,7554,0.9
3081,7544,0.9
3091,7562,0.9
3101,7639,0.9
3111,7638,0.9
3121,7694,0.9
3131,7691,0.9
3141,7675,0.9
3151,7672,0.9
3161,7619,0.9
3171,7597,0.9
3181,7527,0.9
3191,7523,0.9
3201,7543,0.9
3211,7483,1
3221,7510,1
3231,7490,1
3241,7379,1
3251,7336,1
3261,7268,1
3271,7308,1
3281,7282,1
3291,7235,1
3301,7247,1
3311,7377,0.9
3321,7439,0.9
3331,7415,0.9
3341,7412,0.9
3351,7469,0.9
3361,7441,1
3371,7393,1
3381,7419,1
3391,7442,1
3401,7508,1
3411,7497,1
3421,7473,1
3431,7407,1
3441,7384,1
3451,7394,1
3461,7318,1
3471,7340,1
3481,7300,1
3491,7356,1
3501,7423,1
3511,7344,1
3521,7414,1
3531,7496,1
3541,7457,1
3551,7414,1
3561,7359,1
3571,7369,1
3581,7535,1
3591,7549,1
3601,7507,1
3611,7434,1
3621,7462,1
3631,7441,1
3641,7515,1
3651,7508,1
3661,7501,1
3671,7531,1
3681,7424,1
3691,7311,1
3701,7193,1
3711,7235,1
3721,7312,1
3731,7346,1
3741,7349,1
3751,7220,1
3761,7335,1
3771,7460,1
3781,7398,1
3791,7441,1
3801,7416,1
3811,7383,1
3821,7447,1
3831,7419,1
3841,7494,1
3851,7546,1
3861,7597,1
3871,7648,1
3881,7634,1
3891,7612,1
3901,7625,1
3911,7650,1
3921,7659,1
3931,7699,1
3941,7690,1
3951,7586,1
3961,7508,1
3971,7502,1
3981,7512,1
3991,7524,1
4001,7478,1
4011,7431,1
4021,7578,1
4031,7589,1
4041,7518,1
4051,7508,1
4061,7438,1
4071,7413,1
4081,7399,1
4091,7380,1
4101,7346,1
4111,7290,1
4121,7365,1
4131,7359,1
4141,7240,1
4151,7208,1
4161,7307,1
4171,7266,1
4181,7290,1.1
4191,7274,1.1
4201,7290,1.1
4211,7302,1.1
4221,7268,1.1
4231,7304,1.1
4241,7382,1.1
4251,7331,1.1
4261,7366,1.1
4271,7406,1.1
4281,7419,1.1
4291,7457,1.1
4301,7528,1.1
4311,7436,1.1
4321,7564,1.1
4331,7543,1.1
4341,7565,1.1
4351,7515,1
4361,7583,1
4371,7524,1
4381,7495,1
4391,7556,1.1
4401,7597,1
4411,7669,1
4421,7603,1
4431,7584,1
4441,7635,1
4451,7722,1
4461,7680,1.1
4471,7654,1.1
4481,7634,1.1
4491,7679,1.2
4501,7726,1.2
4511,7706,1.2
4521,7662,1.1
4531,7753,1.1
4541,7649,1.1
4551,7668,1.1
4561,7644,1.1
4571,7641,1.1
4581,7614,1.1
4591,7548,1.1
4601,7461,1.1
4611,7375,1.1
4621,7394,1.1
4631,7357,1.1
4641,7469,1.1
4651,7475,1.1
4661,7454,1.1
4671,7483,1.1
4681,7446,1.1
4691,7428,1.1
4701,7364,1.1
4711,7336,1.1
4721,7316,1.1
4731,7316,1.1
4741,7310,1.1
4751,7294,1.1
4761,7351,1.1
4771,7341,1.1
4781,7393,1.1
4791,7437,1
4801,7452,1
4811,7464,1
4821,7619,1
4831,7566,1
4841,7510,1
4851,7564,1
4861,7490,1
4871,7554,1
4881,7493,1
4891,7479,1
4901,7390,1
4911,7431,1
4921,7519,1
4931,7585,1
4941,7633,1
4951,7633,1
4961,7612,1
4971,7652,1
4981,7724,1
4991,7760,1
5001,7847,1
5011,7793,1
5021,7770,1
5031,7862,1
5041,7860,1
5051,7791,1
5061,7797,1
5071,7854,1
5081,7874,1
5091,7955,1
5101,7935,1
5111,7914,1
5121,7951,1
5131,8005,1
5141,8076,1
5151,8205,1
5161,8098,1
5171,8075,1
5181,8128,1
5191,8050,1
5201,8069,1
5211,7911,1
5221,8005,1
5231,7994,1
5241,7937,1
5251,7907,1
5261,7821,1
5271,7782,1
5281,7693,1
5291,7666,1
5301,7758,1
5311,7742,1
5321,7741,1
5331,7711,1
5341,7657,1
5351,7591,1.1
5361,7596,1.1
5371,7562,1.1
5381,7413,1.1
5391,7348,1.1
5401,7416,1
5411,7382,1
5421,7435,1
5431,7447,1
5441,7469,1
5451,7552,1
5461,7523,1
5471,7552,1.1
5481,7539,1.1
5491,7503,1.1
5501,7453,1.1
5511,7495,1.1
5521,7359,1.1
5531,7364,1.1
5541,7399,1.1
5551,7360,1
5561,7360,1
5571,7396,1
5581,7339,1
5591,7369,1
5601,7344,1
5611,7307,1
5621,7273,1
5631,7229,1
5641,7212,1
5651,7183,1
5661,7258,1.1
5671,7283,1.1
5681,7223,1.1
5691,7173,1.1
5701,7240,1.1
5711,7258,1.1
5721,7319,1.1
5731,7296,1.1
5741,7320,1.1
5751,7320,1.1
5761,7248,1.1
5771,7181,1.1
5781,7217,1.1
5791,7178,1.1
5801,7161,1.1
5811,7136,1.1
5821,7110,1.1
5831,7147,1.1
5841,7101,1.1
5851,7132,1.1
5861,7174,1.1
5871,7222,1.1
5881,7167,1.1
5891,7197,1.1
5901,7137,0.9
5911,7181,0.9
5921,7146,1
5931,7089,1
5941,7040,1
5951,7105,1
5961,7172,1
5971,7130,1
5981,7154,1
5991,7211,1
6001,7228,1
6011,7234,1
6021,7251,1
6031,7280,0.9
6041,7254,0.9
6051,7363,1
6061,7344,1
6071,7300,1
6081,7309,1
6091,7274,1
6101,7235,1
6111,7196,1
6121,7136,1
6131,7156,1
6141,7124,1
6151,7083,1
6161,7151,1
6171,7182,1
6181,7246,1
6191,7195,1
6201,7171,1
6211,7211,1
6221,7291,1
6231,7344,1
6241,7201,1
6251,7170,1
6261,7178,1
6271,7155,1
6281,7104,1
6291,7101,1
6301,7091,1
6311,7075,1
6321,7046,1
6331,7157,1
6341,7177,1.1
6351,7219,1.1
6361,7187,1.1
6371,7253,1.1
6381,7235,1.1
6391,7265,1.1
6401,7264,1.1
6411,7306,1.1
6421,7298,1.2
6431,7287,1.2
6441,7252,1.2
6451,7305,1.2
6461,7231,1.2
6471,7360,1.2
6481,7440,1.2
6491,7390,1.2
6501,7349,1.2
6511,7358,1.2
6521,7453,1.2
6531,7444,1.2
6541,7470,1.2
6551,7442,1.2
6561,7305,1.2
6571,7200,1.2
6581,7161,1.2
6591,7238,1.2
6601,7349,1.2
6611,7319,1.2
6621,7301,1.2
6631,7307,1.1
6641,7263,1.1
6651,7327,1.1
6661,7299,1.1
6671,7318,1.1
6681,7311,1.1
6691,7357,1.1
6701,7395,1.1
6711,7438,1.1
6721,7463,1.1
6731,7498,1.1
6741,7467,1.1
6751,7391,1.1
6761,7460,1.1
6771,7465,1.1
6781,7426,1.1
6791,7392,1.1
6801,7367,1.1
6811,7385,1.1
6821,7319,1.1
6831,7314,1.2
6841,7419,1.1
6851,7458,1.1
6861,7486,1.1
6871,7388,1.1
6881,7315,1.1
6891,7329,1.1
6901,7399,1.1
6911,7432,1.2
6921,7473,1.2
6931,7495,1.2
6941,7481,1.2
6951,7409,1.2
6961,7390,1.2
6971,7517,1.2
6981,7340,1.1
6991,7305,1.1
7001,7279,1.1
7011,7329,1.1
7021,7358,1.1
7031,7350,1.1
7041,7398,1.2
7051,7459,1.1
7061,7447,1.1
7071,7513,1.1
7081,7483,1.1
7091,7495,1.1
7101,7414,1.2
7111,7466,1.2
7121,7434,1.2
7131,7438,1.2
7141,7371,1.2
7151,7316,1.2
7161,7307,1.2
7171,7310,1.2
7181,7295,1.2
7191,7365,1.2
7201,7330,1.2
7211,7245,1.2
7221,7119,1.2
7231,7200,1.2
7241,7247,1.2
7251,7246,1.1
7261,7290,1.1
7271,7296,1.1
7281,7229,1.1
7291,7303,1.1
7301,7291,1.1
7311,7223,1.1
7321,7185,1.1
7331,7175,1.1
7341,7222,1.1
7351,7208,1.1
7361,7185,1.1
7371,7190,1.1
7381,7203,1.1
7391,7237,1.1
7401,7279,1.2
7411,7378,1.2
7421,7479,1.2
7431,7483,1.2
7441,7483,1.2
7451,7534,1.2
7461,7536,1.1
7471,7523,1.1
7481,7635,1.1
7491,7580,1.1
7501,7568,1.1
7511,7639,1.1
7521,7626,1.1
7531,7604,1.1
7541,7723,1.2
7551,7849,1.2
7561,7840,1.2
7571,7843,1.1
7581,7811,1.1
7591,7854,1.1
7601,7854,1.1
7611,7862,1.1
7621,7912,1.1
7631,7811,1.1
7641,7852,1.1
7651,7800,1.1
7661,7812,1.1
7671,7882,1.1
7681,7808,1.1
7691,7789,1.2
7701,7732,1.1
7711,7755,1.1
7721,7699,1.1
7731,7681,1.1
7741,7729,1.1
7751,7728,1.1
7761,7742,1.1
7771,7618,1.1
7781,7599,1.1
7791,7607,1.1
7801,7622,1.1
7811,7638,1.1
7821,7701,1.1
7831,7711,1.1
7841,7603,1.1
7851,7687,1.1
7861,7705,1.1
7871,7732,1.1
7881,7719,1.1
7891,7793,1.1
7901,7877,1.2
7911,7908,1.2
7921,7910,1.2
7931,7932,1.2
7941,7786,1.2
7951,7782,1.2
7961,7853,1.2
7971,7863,1.2
7981,7929,1.2
7991,7942,1.2
8001,7832,1.2
8011,7869,1.2
8021,7873,1.2
8031,7736,1.2
8041,7792,1.2
8051,7839,1.2
8061,7804,1.2
8071,7829,1.2
8081,7905,1.2
8091,7924,1.2
8101,7955,1.2
8111,8102,1.2
8121,8144,1.2
8131,8138,1.2
8141,7951,1.2
8151,7937,1.2
8161,8024,1.2
8171,7967,1.2
8181,7899,1.2
8191,7976,1.2
8201,7993,1.2
8211,7942,1.2
8221,7912,1.2
8231,7798,1.2
8241,7724,1.2
8251,7704,1.3
8261,7619,1.3
8271,7649,1.3
8281,7694,1.3
8291,7601,1.2
8301,7593,1.2
8311,7519,1.2
8321,7472,1.2
8331,7557,1.2
8341,7554,1.2
8351,7467,1.2
8361,7542,1.2
8371,7532,1.2
8381,7463,1.2
8391,7513,1.2
8401,7559,1.2
8411,7577,1.2
8421,7558,1.2
8431,7643,1.2
8441,7550,1.2
8451,7523,1.2
8461,7477,1.2
8471,7497,1.2
8481,7448,1.3
8491,7443,1.3
8501,7387,1.3
8511,7339,1.3
8521,7344,1.3
8531,7368,1.3
8541,7295,1.3
8551,7352,1.3
8561,7413,1.3
8571,7492,1.3
8581,7504,1.3
8591,7492,1.3
8601,7450,1.3
8611,7501,1.3
8621,7437,1.3
8631,7476,1.3
8641,7454,1.4
8651,7505,1.4
8661,7571,1.3
8671,7614,1.3
8681,7580,1.3
8691,7689,1.3
8701,7728,1.3
8711,7765,1.3
8721,7859,1.3
8731,7810,1.3
8741,7808,1.3
8751,7790,1.3
8761,7826,1.3
8771,7806,1.3
8781,7839,1.3
8791,7741,1.3
8801,7753,1.3
8811,7767,1.3
8821,7743,1.2
8831,7758,1.2
8841,7720,1.2
8851,7706,1.2
8861,7692,1.2
8871,7592,1.2
8881,7608,1.2
8891,7621,1.2
8901,7630,1.3
8911,7675,1.3
8921,7662,1.3
8931,7700,1.3
8941,7746,1.4
8951,7760,1.4
8961,7770,1.4
8971,7853,1.4
8981,7783,1.4
8991,7814,1.4
9001,7741,1.4
9011,7699,1.4
9021,7563,1.4
9031,7537,1.4
9041,7418,1.4
9051,7332,1.4
9061,7335,1.4
9071,7286,1.4
9081,7260,1.4
9091,7280,1.4
9101,7231,1.4
9111,7276,1.4
9121,7188,1.4
9131,7162,1.4
9141,7213,1.4
9151,7215,1.4
9161,7153,1.4
9171,7228,1.4
9181,7221,1.4
9191,7262,1.4
9201,7263,1.4
9211,7173,1.4
9221,7155,1.4
9231,7129,1.4
9241,7240,1.4
9251,7192,1.4
9261,7302,1.4
9271,7265,1.4
9281,7223,1.4
9291,7226,1.4
9301,7226,1.4
9311,7176,1.4
9321,7182,1.4
9331,7226,1.4
9341,7237,1.4
9351,7271,1.4
9361,7287,1.4
9371,7243,1.2
9381,7196,1.2
9391,7191,1.2
9401,7259,1.2
9411,7213,1.2
9421,7151,1.2
9431,7044,1.2
9441,7079,1.2
9451,7085,1.2
9461,7151,1.2
9471,7137,1.2
9481,7163,1.2
9491,7350,1.2
9501,7328,1.2
9511,7412,1.2
9521,7378,1.2
9531,7383,1.2
9541,7391,1.2
9551,7480,1.2
9561,7564,1.2
9571,7587,1.2
9581,7567,1.2
9591,7572,1.2
9601,7593,1.2
9611,7675,1.2
9621,7780,1.2
9631,7803,1.2
9641,7863,1.2
9651,7824,1.2
9661,7838,1.2
9671,7843,1.2
9681,7861,1.2
9691,7812,1.2
9701,7800,1.2
9711,7751,1.2
9721,7771,1.2
9731,7742,1.2
9741,7845,1.2
9751,7850,1.2
9761,7892,1.2
9771,7895,1.2
9781,7898,1.2
9791,7922,1.2
9801,7858,1.2
9811,7869,1.2
9821,7788,1.2
9831,7871,1.2
9841,7862,1.2
9851,7828,1.2
9861,7739,1.2
9871,7742,1.2
9881,7769,1.2
9891,7790,1.3
9901,7755,1.3
9911,7819,1.3
9921,7729,1.3
9931,7809,1.3
9941,7852,1.3
9951,7739,1.3
9961,7685,1.3
9971,7707,1.4
9981,7696,1.4
9991,7699,1.4
10001,7768,1.4
10011,7799,1.4
10021,7711,1.3
10031,7741,1.3
10041,7745,1.3
10051,7646,1.3
10061,7671,1.3
10071,7686,1.3
10081,7710,1.3
10091,7625,1.3
10101,7534,1.3
10111,7513,1.3
10121,7446,1.3
10131,7426,1.3
10141,7365,1.3
10151,7319,1.3
10161,7378,1.3
10171,7395,1.3
10181,7397,1.3
10191,7400,1.3
10201,7474,1.3
10211,7572,1.3
10221,7650,1.3
10231,7605,1.3
10241,7537,1.4
10251,7491,1.4
10261,7474,1.4
10271,7463,1.4
10281,7469,1.4
10291,7471,1.4
10301,7570,1.4
10311,7684,1.4
10321,7571,1.4
10331,7645,1.4
10341,7626,1.4
10351,7617,1.4
10361,7765,1.4
10371,7954,1.4
10381,8095,1.4
10391,8338,1.4
10401,8893,1.4
10411,9571,1.3
10421,10633,1.3
10431,12039,1.3
10441,13903,1.3
10451,16610,1.3
10461,20549,1.3
10471,25645,1.3
10481,32254,1.3
10491,40453,1.3
10501,49898,1.3
10511,60658,1.3
10521,71938,1.3
10531,83872,1.3
10541,95624,1.3
