generation,num_individuals
1,100
11,113
21,130
31,131
41,149
51,145
61,170
71,182
81,195
91,204
101,224
111,262
121,287
131,298
141,335
151,346
161,376
171,411
181,433
191,466
201,498
211,499
221,551
231,579
241,651
251,692
261,747
271,809
281,885
291,977
301,1071
311,1131
321,1208
331,1283
341,1379
351,1479
361,1614
371,1744
381,1856
391,2003
401,2118
411,2280
421,2427
431,2586
441,2791
451,2962
461,3118
471,3327
481,3457
491,3652
501,3892
511,4289
521,4514
531,4803
541,5094
551,5351
561,5712
571,6083
581,6388
591,6689
601,6982
611,7293
621,7538
631,7849
641,8258
651,8667
661,9065
671,9458
681,9713
691,9998
701,10347
711,10602
721,10850
731,11146
741,11491
751,11795
761,12034
771,12183
781,12477
791,12739
801,12915
811,13067
821,13352
831,13597
841,13773
851,13914
861,14234
871,14349
881,14510
891,14738
901,14863
911,15071
921,15273
931,15282
941,15497
951,15709
961,15835
971,15796
981,16047
991,16134
1001,16144
1011,16295
1021,16358
1031,16357
1041,16477
1051,16566
1061,16561
1071,16587
1081,16632
1091,16632
1101,16616
1111,16631
1121,16862
1131,16973
1141,16935
1151,17024
1161,16999
1171,16914
1181,16860
1191,17027
1201,17056
1211,17051
1221,17131
1231,17066
1241,16990
1251,17069
1261,17063
1271,17090
1281,16942
1291,16887
1301,16931
1311,16871
1321,16850
1331,16933
1341,17127
1351,17212
1361,17148
1371,17139
1381,17246
1391,17075
1401,17180
1411,17214
1421,17258
1431,17255
1441,17257
1451,17393
1461,17275
1471,17227
1481,17211
1491,17262
1501,17188
1511,17086
1521,17026
1531,16962
1541,17079
1551,17054
1561,17078
1571,17064
1581,17233
1591,17331
1601,17432
1611,17414
1621,17398
1631,17338
1641,17387
1651,17249
1661,17416
1671,17436
1681,17481
1691,17439
1701,17368
1711,17317
1721,17308
1731,17314
1741,17437
1751,17336
1761,17438
1771,17701
1781,17646
1791,17746
1801,17820
1811,17879
1821,17836
1831,17869
1841,17803
1851,17823
1861,17732
1871,17652
1881,17632
1891,17623
1901,17632
1911,17683
1921,17735
1931,17904
1941,17931
1951,18004
1961,18110
1971,18114
1981,18117
1991,18020
2001,17889
2011,17819
2021,17742
2031,17551
2041,17567
2051,17587
2061,17550
2071,17554
2081,17678
2091,17699
2101,17605
2111,17482
2121,17479
2131,17456
2141,17367
2151,17461
2161,17450
2171,17368
2181,17488
2191,17500
2201,17498
2211,17619
2221,17779
2231,17778
2241,17691
2251,17691
2261,17789
2271,17707
2281,17773
2291,17774
2301,17721
2311,17752
2321,17647
2331,17661
2341,17645
2351,17636
2361,17686
2371,17748
2381,17882
2391,17800
2401,17670
2411,17462
2421,17582
2431,17521
2441,17536
2451,17545
2461,17624
2471,17592
2481,17504
2491,17553
2501,17648
2511,17587
2521,17541
2531,17659
2541,17751
2551,17677
2561,17608
2571,17455
2581,17519
2591,17589
2601,17428
2611,17428
2621,17393
2631,17552
2641,17589
2651,17417
2661,17606
2671,17542
2681,17656
2691,17657
2701,17604
2711,17523
2721,17333
2731,17462
2741,17455
2751,17456
2761,17453
2771,17434
2781,17479
2791,17546
2801,17504
2811,17438
2821,17404
2831,17430
2841,17473
2851,17441
2861,17351
2871,17376
2881,17378
2891,17319
2901,17471
2911,17428
2921,17430
2931,17334
2941,17476
2951,17388
2961,17377
2971,17190
2981,17025
2991,16947
3001,16887
3011,16912
3021,17043
3031,17119
3041,16986
3051,17119
3061,17176
3071,17119
3081,17295
3091,17374
3101,17312
3111,17335
3121,17304
3131,17199
3141,17194
3151,17223
3161,17407
3171,17399
3181,17424
3191,17422
3201,17378
3211,17336
3221,17282
3231,17381
3241,17344
3251,17315
3261,17281
3271,17270
3281,17313
3291,17374
3301,17346
3311,17330
3321,17422
3331,17360
3341,17337
3351,17328
3361,17349
3371,17426
3381,17411
3391,17408
3401,17328
3411,17317
3421,17340
3431,17284
3441,17267
3451,17101
3461,17256
3471,17299
3481,17185
3491,17253
3501,17222
3511,17174
3521,17288
3531,17310
3541,17171
3551,17125
3561,16972
3571,17150
3581,17240
3591,17294
3601,17151
3611,17313
3621,17184
3631,17213
3641,17229
3651,17280
3661,17163
3671,17168
3681,17247
3691,17204
3701,17232
3711,17117
3721,17112
3731,17118
3741,17175
3751,17214
3761,17218
3771,17243
3781,17364
3791,17498
3801,17456
3811,17397
3821,17388
3831,17339
3841,17335
3851,17408
3861,17377
3871,17447
3881,17410
3891,17509
3901,17430
3911,17434
3921,17467
3931,17350
3941,17426
3951,17320
3961,17362
3971,17420
3981,17454
3991,17542
4001,17527
4011,17614
4021,17699
4031,17553
4041,17473
4051,17403
4061,17246
4071,17171
4081,17171
4091,17193
4101,17229
4111,17222
4121,17303
4131,17382
4141,17503
4151,17653
4161,17615
4171,17632
4181,17617
4191,17581
4201,17684
4211,17686
4221,17756
4231,17637
4241,17606
4251,17790
4261,17792
4271,17799
4281,17739
4291,17664
4301,17749
4311,17779
4321,17766
4331,17787
4341,17822
4351,17800
4361,17948
4371,17881
4381,17807
4391,17942
4401,17861
4411,17983
4421,17948
4431,17881
4441,17818
4451,17835
4461,17859
4471,17705
4481,17739
4491,17763
4501,17713
4511,17581
4521,17564
4531,17923
4541,17731
4551,17694
4561,17609
4571,17717
4581,17741
4591,17840
4601,17597
4611,17664
4621,17486
4631,17459
4641,17451
4651,17560
4661,17652
4671,17773
4681,17823
4691,17757
4701,17805
4711,17788
4721,17766
4731,17838
4741,17633
4751,17470
4761,17457
4771,17344
4781,17280
4791,17284
4801,17309
4811,17283
4821,17281
4831,17419
4841,17237
4851,17093
4861,17150
4871,17142
4881,17056
4891,17001
4901,16930
4911,17090
4921,17045
4931,17150
4941,17086
4951,17110
4961,17097
4971,17122
4981,17108
4991,17105
5001,17153
5011,17034
5021,17090
5031,17170
5041,17262
5051,17297
5061,17180
5071,17274
5081,17554
5091,17662
5101,17574
5111,17498
5121,17374
5131,17346
5141,17400
5151,17355
5161,17350
5171,17513
5181,17566
5191,17474
5201,17470
5211,17558
5221,17669
5231,17545
5241,17488
5251,17462
5261,17398
5271,17404
5281,17410
5291,17430
5301,17522
5311,17429
5321,17546
5331,17582
5341,17503
5351,17653
5361,17608
5371,17547
5381,17539
5391,17483
5401,17516
5411,17476
5421,17454
5431,17490
5441,17453
5451,17437
5461,17492
5471,17517
5481,17545
5491,17479
5501,17447
5511,17500
5521,17419
5531,17464
5541,17405
5551,17459
5561,17565
5571,17648
5581,17541
5591,17474
5601,17495
5611,17430
5621,17542
5631,17567
5641,17625
5651,17528
5661,17557
5671,17571
5681,17585
5691,17504
5701,17446
5711,17390
5721,17368
5731,17440
5741,17411
5751,17474
5761,17469
5771,17391
5781,17366
5791,17311
5801,17389
5811,17358
5821,17317
5831,17251
5841,17335
5851,17522
5861,17474
5871,17457
5881,17362
5891,17357
5901,17283
5911,17324
5921,17337
5931,17457
5941,17577
5951,17608
5961,17669
5971,17608
5981,17645
5991,17718
6001,17768
6011,17782
6021,17777
6031,17692
6041,17624
6051,17534
6061,17477
6071,17408
6081,17614
6091,17743
6101,17693
6111,17711
6121,17726
6131,17734
6141,17821
6151,17822
6161,17805
6171,17863
6181,17856
6191,17716
6201,17649
6211,17589
6221,17658
6231,17787
6241,17893
6251,17820
6261,17755
6271,17577
6281,17423
6291,17474
6301,17438
6311,17523
6321,17466
6331,17434
6341,17415
6351,17346
6361,17333
6371,17381
6381,17308
6391,17198
6401,17201
6411,17396
6421,17393
6431,17394
6441,17485
6451,17525
6461,17519
6471,17529
6481,17501
6491,17467
6501,17419
6511,17392
6521,17448
6531,17408
6541,17468
6551,17534
6561,17576
6571,17566
6581,17502
6591,17436
6601,17249
6611,17309
6621,17265
6631,17238
6641,17172
6651,17222
6661,17211
6671,17291
6681,17201
6691,17232
6701,17253
6711,17165
6721,17117
6731,17243
6741,17218
6751,17110
6761,17143
6771,17060
6781,17071
6791,17057
6801,17050
6811,17120
6821,17040
6831,16996
6841,17061
6851,17078
6861,17148
6871,17071
6881,17103
6891,17060
6901,17188
6911,17080
6921,17152
6931,17131
6941,17112
6951,17087
6961,17047
6971,17037
6981,16908
6991,16795
7001,16665
7011,16706
7021,16833
7031,16761
7041,16739
7051,16863
7061,16959
7071,16976
7081,16892
7091,16908
7101,16963
7111,16983
7121,16994
7131,17104
7141,17131
7151,17129
7161,17160
7171,17130
7181,17108
7191,17075
7201,17161
7211,17167
7221,17188
7231,17141
7241,17258
7251,17324
7261,17360
7271,17371
7281,17438
7291,17528
7301,17562
7311,17598
7321,17493
7331,17475
7341,17450
7351,17362
7361,17346
7371,17286
7381,17246
7391,17187
7401,17214
7411,17311
7421,17531
7431,17701
7441,17757
7451,17632
7461,17611
7471,17645
7481,17688
7491,17620
7501,17700
7511,17606
7521,17489
7531,17483
7541,17467
7551,17418
7561,17331
7571,17257
7581,17254
7591,17127
7601,17090
7611,17052
7621,17165
7631,17076
7641,17265
7651,17417
7661,17388
7671,17361
7681,17491
7691,17477
7701,17518
7711,17666
7721,17731
7731,17740
7741,17787
7751,17757
7761,17798
7771,17682
7781,17778
7791,17714
7801,17670
7811,17614
7821,17543
7831,17627
7841,17566
7851,17582
7861,17438
7871,17372
7881,17352
7891,17187
7901,17276
7911,17325
7921,17222
7931,17255
7941,17364
7951,17364
7961,17522
7971,17541
7981,17604
7991,17699
8001,17636
8011,17647
8021,17670
8031,17757
8041,17921
8051,17949
8061,17913
8071,17863
8081,17992
8091,17980
8101,17927
8111,17982
8121,17972
8131,18029
8141,18011
8151,17814
8161,17935
8171,17857
8181,17921
8191,17912
8201,17965
8211,17945
8221,17954
8231,17963
8241,17793
8251,17800
8261,17859
8271,17820
8281,17814
8291,17809
8301,17655
8311,17716
8321,17690
8331,17556
8341,17638
8351,17554
8361,17546
8371,17595
8381,17515
8391,17586
8401,17689
8411,17555
8421,17392
8431,17592
8441,17626
8451,17859
8461,17638
8471,17508
8481,17426
8491,17470
8501,17317
8511,17430
8521,17457
8531,17431
8541,17452
8551,17519
8561,17475
8571,17627
8581,17645
8591,17573
8601,17531
8611,17534
8621,17636
8631,17617
8641,17574
8651,17421
8661,17287
8671,17437
8681,17496
8691,17453
8701,17422
8711,17495
8721,17437
8731,17414
8741,17481
8751,17490
8761,17537
8771,17468
8781,17429
8791,17533
8801,17597
8811,17548
8821,17447
8831,17337
8841,17174
8851,17107
8861,17215
8871,17113
8881,17063
8891,17064
8901,17043
8911,17169
8921,17120
8931,17237
8941,17265
8951,17268
8961,17196
8971,17032
8981,17135
8991,17158
9001,17276
9011,17326
9021,17215
9031,17154
9041,17250
9051,17233
9061,17190
9071,17204
9081,17329
9091,17288
9101,17353
9111,17301
9121,17277
9131,17239
9141,17149
9151,17146
9161,17223
9171,17370
9181,17491
9191,17477
9201,17398
9211,17457
9221,17450
9231,17477
9241,17555
9251,17623
9261,17587
9271,17549
9281,17508
9291,17559
9301,17630
9311,17569
9321,17577
9331,17665
9341,17660
9351,17686
9361,17614
9371,17496
9381,17434
9391,17355
9401,17461
9411,17417
9421,17516
9431,17593
9441,17636
9451,17567
9461,17500
9471,17514
9481,17442
9491,17274
9501,17248
9511,17253
9521,17305
9531,17279
9541,17461
9551,17438
9561,17426
9571,17366
9581,17372
9591,17363
9601,17425
9611,17521
9621,17589
9631,17576
9641,17449
9651,17587
9661,17442
9671,17554
9681,17528
9691,17431
9701,17451
9711,17393
9721,17497
9731,17329
9741,17340
9751,17444
9761,17523
9771,17383
9781,17376
9791,17472
9801,17372
9811,17505
9821,17564
9831,17623
9841,17676
9851,17702
9861,17620
9871,17580
9881,17541
9891,17601
9901,17531
9911,17570
9921,17477
9931,17511
9941,17558
9951,17585
9961,17472
9971,17446
9981,17386
9991,17340
10001,17262
10011,17312
10021,17399
10031,17437
10041,17250
10051,17308
10061,17310
10071,17234
10081,17356
10091,17338
10101,17251
10111,17284
10121,17249
10131,17320
10141,17421
10151,17383
10161,17561
10171,17560
10181,17577
10191,17698
10201,17693
10211,17825
10221,17800
10231,17712
10241,17658
10251,17807
10261,17820
10271,17796
10281,17882
10291,17840
10301,17899
10311,17914
10321,17820
10331,17655
10341,17521
10351,17440
10361,17421
10371,17416
10381,17452
10391,17488
10401,17411
10411,17464
10421,17442
10431,17331
10441,17373
10451,17301
10461,17231
10471,17230
10481,17269
10491,17473
10501,17460
10511,17438
10521,17332
10531,17464
10541,17370
10551,17560
10561,17544
10571,17615
10581,17496
10591,17428
10601,17545
10611,17584
10621,17553
10631,17560
10641,17625
10651,17582
10661,17471
10671,17567
10681,17590
10691,17664
10701,17610
10711,17668
10721,17594
10731,17511
10741,17441
10751,17297
10761,17329
10771,17453
10781,17476
10791,17407
10801,17376
10811,17229
10821,17342
10831,17352
10841,17418
10851,17510
10861,17486
10871,17295
10881,17355
10891,17413
10901,17648
10911,17736
10921,17658
10931,17678
10941,17685
10951,17610
10961,17544
10971,17566
10981,17506
10991,17422
11001,17383
11011,17287
11021,17358
11031,17331
11041,17282
11051,17319
11061,17308
11071,17323
11081,17380
11091,17217
11101,17189
11111,17146
11121,16994
11131,17151
11141,17189
11151,17272
11161,17360
11171,17269
11181,17217
11191,17316
11201,17213
11211,17167
11221,17301
11231,17349
11241,17383
11251,17469
11261,17489
11271,17592
11281,17670
11291,17650
11301,17609
11311,17490
11321,17489
11331,17376
11341,17415
11351,17542
11361,17642
11371,17747
11381,17724
11391,17710
11401,17679
11411,17689
11421,17613
11431,17766
11441,17747
11451,17852
11461,17766
11471,17950
11481,17885
11491,17817
11501,17688
11511,17805
11521,17778
11531,17846
11541,17821
11551,17590
11561,17384
11571,17385
11581,17352
11591,17353
11601,17376
11611,17426
11621,17346
11631,17424
11641,17535
11651,17462
11661,17504
11671,17584
11681,17543
11691,17582
11701,17588
11711,17469
11721,17479
11731,17621
11741,17746
11751,17709
11761,17591
11771,17408
11781,17434
11791,17377
11801,17428
11811,17596
11821,17644
11831,17626
11841,17699
11851,17803
11861,17865
11871,17883
11881,17935
11891,17898
11901,18062
11911,18192
11921,18106
11931,18050
11941,17981
11951,17708
11961,17743
11971,17695
11981,17697
11991,17671
12001,17738
12011,17743
12021,17558
12031,17516
12041,17606
12051,17571
12061,17530
12071,17515
12081,17432
12091,17285
12101,17190
12111,17328
12121,17385
12131,17462
12141,17371
12151,17326
12161,17453
12171,17592
12181,17417
12191,17422
12201,17442
12211,17463
12221,17459
12231,17539
12241,17496
12251,17481
12261,17546
12271,17669
12281,17532
12291,17579
12301,17582
12311,17596
12321,17448
12331,17537
12341,17751
12351,17686
12361,17679
12371,17717
12381,17634
12391,17630
12401,17644
12411,17625
12421,17611
12431,17558
12441,17600
12451,17639
12461,17652
12471,17648
12481,17718
12491,17621
12501,17511
12511,17483
12521,17537
12531,17544
12541,17339
12551,17218
12561,17219
12571,17106
12581,17104
12591,17282
12601,17506
12611,17323
12621,17404
12631,17308
12641,17347
12651,17370
12661,17272
12671,17407
12681,17436
12691,17427
12701,17466
12711,17408
12721,17421
12731,17435
12741,17483
12751,17539
12761,17446
12771,17552
12781,17472
12791,17457
12801,17471
12811,17582
12821,17519
12831,17330
12841,17380
12851,17309
12861,17181
12871,17198
12881,17212
12891,17280
12901,17242
12911,17291
12921,17335
