generation,num_individuals
1,100
11,95
21,111
31,124
41,125
51,130
61,146
71,161
81,176
91,184
101,195
111,218
121,234
131,245
141,263
151,286
161,338
171,342
181,379
191,406
201,417
211,442
221,467
231,497
241,531
251,578
261,617
271,675
281,698
291,732
301,807
311,872
321,957
331,1013
341,1091
351,1194
361,1284
371,1370
381,1451
391,1556
401,1708
411,1884
421,1992
431,2109
441,2223
451,2428
461,2532
471,2716
481,2866
491,3018
501,3188
511,3419
521,3628
531,3869
541,4056
551,4185
561,4477
571,4641
581,4969
591,5255
601,5626
611,5971
621,6213
631,6515
641,6773
651,7051
661,7302
671,7515
681,7845
691,8154
701,8609
711,8935
721,9282
731,9556
741,9949
751,10336
761,10608
771,10959
781,11307
791,11590
801,11974
811,12082
821,12521
831,12875
841,13077
851,13404
861,13696
871,14017
881,14293
891,14538
901,14671
911,14742
921,14961
931,15092
941,15269
951,15582
961,15666
971,15816
981,15903
991,15928
1001,16127
1011,16206
1021,16260
1031,16361
1041,16436
1051,16315
1061,16437
1071,16477
1081,16449
1091,16446
1101,16519
1111,16572
1121,16570
1131,16558
1141,16741
1151,16805
1161,16672
1171,16693
1181,16647
1191,16700
1201,16779
1211,16865
1221,16893
1231,16890
1241,16988
1251,17061
1261,17088
1271,17301
1281,17211
1291,17248
1301,17302
1311,17413
1321,17405
1331,17401
1341,17378
1351,17302
1361,17287
1371,17264
1381,17388
1391,17407
1401,17552
1411,17427
1421,17256
1431,17295
1441,17237
1451,17149
1461,17193
1471,17110
1481,17096
1491,17156
1501,17216
1511,17292
1521,17295
1531,17194
1541,17128
1551,17271
1561,17173
1571,17267
1581,17281
1591,17301
1601,17395
1611,17411
1621,17475
1631,17613
1641,17529
1651,17448
1661,17356
1671,17341
1681,17280
1691,17388
1701,17580
1711,17561
1721,17542
1731,17433
1741,17510
1751,17486
1761,17423
1771,17462
1781,17394
1791,17434
1801,17315
1811,17238
1821,17354
1831,17437
1841,17534
1851,17545
1861,17501
1871,17466
1881,17542
1891,17520
1901,17648
1911,17638
1921,17512
1931,17297
1941,17366
1951,17545
1961,17514
1971,17475
1981,17306
1991,17217
2001,17175
2011,17229
2021,17162
2031,17160
2041,17209
2051,17242
2061,17162
2071,17224
2081,17320
2091,17265
2101,17372
2111,17338
2121,17351
2131,17313
2141,17330
2151,17497
2161,17526
2171,17636
2181,17646
2191,17679
2201,17584
2211,17642
2221,17593
2231,17664
2241,17671
2251,17713
2261,17628
2271,17432
2281,17507
2291,17607
2301,17443
2311,17302
2321,17192
2331,17080
2341,17193
2351,17083
2361,17165
2371,17207
2381,17304
2391,17320
2401,17313
2411,17360
2421,17324
2431,17338
2441,17312
2451,17281
2461,17298
2471,17252
2481,17409
2491,17503
2501,17475
2511,17421
2521,17402
2531,17358
2541,17453
2551,17492
2561,17531
2571,17575
2581,17562
2591,17702
2601,17714
2611,17825
2621,17749
2631,17646
2641,17674
2651,17600
2661,17650
2671,17469
2681,17408
2691,17369
2701,17497
2711,17509
2721,17661
2731,17508
2741,17606
2751,17541
2761,17729
2771,17571
2781,17571
2791,17570
2801,17481
2811,17592
2821,17599
2831,17534
2841,17497
2851,17540
2861,17566
2871,17481
2881,17502
2891,17385
2901,17315
2911,17434
2921,17490
2931,17477
2941,17482
2951,17470
2961,17490
2971,17569
2981,17556
2991,17506
3001,17519
3011,17568
3021,17641
3031,17812
3041,17752
3051,17835
3061,17997
3071,18032
3081,18103
3091,17905
3101,17809
3111,17765
3121,17719
3131,17831
3141,17772
3151,17751
3161,17745
3171,17853
3181,17855
3191,17925
3201,17852
3211,17718
3221,17642
3231,17614
3241,17610
3251,17601
3261,17584
3271,17569
3281,17619
3291,17648
3301,17733
3311,17740
3321,17683
3331,17523
3341,17426
3351,17426
3361,17347
3371,17269
3381,17219
3391,17278
3401,17293
3411,17329
3421,17333
3431,17378
3441,17347
3451,17339
3461,17342
3471,17407
3481,17541
3491,17613
3501,17571
3511,17459
3521,17491
3531,17582
3541,17504
3551,17425
3561,17352
3571,17357
3581,17335
3591,17181
3601,17244
3611,17298
3621,17268
3631,17237
3641,17119
3651,17249
3661,17358
3671,17335
3681,17382
3691,17430
3701,17394
3711,17445
3721,17378
3731,17390
3741,17523
3751,17595
3761,17681
3771,17643
3781,17586
3791,17441
3801,17376
3811,17326
3821,17396
3831,17383
3841,17458
3851,17564
3861,17630
3871,17782
3881,17780
3891,17589
3901,17595
3911,17544
3921,17750
3931,17846
3941,17767
3951,17711
3961,17664
3971,17571
3981,17696
3991,17692
4001,17675
4011,17736
4021,17803
4031,17781
4041,17849
4051,17860
4061,17918
4071,17872
4081,17842
4091,17873
4101,17844
4111,17879
4121,17762
4131,17793
4141,17994
4151,17995
4161,17961
4171,17935
4181,17904
4191,17849
4201,17777
4211,17750
4221,17674
4231,17635
4241,17557
4251,17675
4261,17787
4271,17733
4281,17760
4291,17738
4301,17714
4311,17764
4321,17658
4331,17571
4341,17535
4351,17691
4361,17668
4371,17604
4381,17712
4391,17576
4401,17619
4411,17597
4421,17547
4431,17460
4441,17505
4451,17531
4461,17573
4471,17537
4481,17502
4491,17562
4501,17467
4511,17443
4521,17465
4531,17506
4541,17450
4551,17569
4561,17455
4571,17390
4581,17615
4591,17685
4601,17715
4611,17804
4621,17945
4631,17894
4641,17860
4651,17745
4661,17885
4671,17777
4681,17658
4691,17502
4701,17410
4711,17338
4721,17314
4731,17429
4741,17445
4751,17383
4761,17382
4771,17489
4781,17410
4791,17448
4801,17441
4811,17295
4821,17337
4831,17433
4841,17499
4851,17511
4861,17463
4871,17401
4881,17390
4891,17255
4901,17331
4911,17376
4921,17432
4931,17623
4941,17479
4951,17383
4961,17283
4971,17320
4981,17399
4991,17478
5001,17486
5011,17623
5021,17653
5031,17590
5041,17590
5051,17539
5061,17602
5071,17540
5081,17587
5091,17627
5101,17575
5111,17476
5121,17479
5131,17576
5141,17710
5151,17647
5161,17755
5171,17822
5181,17800
5191,17697
5201,17837
5211,17705
5221,17664
5231,17651
5241,17501
5251,17432
5261,17312
5271,17184
5281,17340
5291,17331
5301,17400
5311,17358
5321,17297
5331,17461
5341,17577
5351,17549
5361,17544
5371,17409
5381,17359
5391,17321
5401,17343
5411,17420
5421,17444
5431,17366
5441,17384
5451,17392
5461,17410
5471,17355
5481,17290
5491,17246
5501,17100
5511,17110
5521,17062
5531,17074
5541,17185
5551,17235
5561,17436
5571,17480
5581,17481
5591,17571
5601,17531
5611,17519
5621,17531
5631,17460
5641,17516
5651,17399
5661,17397
5671,17260
5681,17324
5691,17183
5701,17243
5711,17144
5721,17169
5731,17191
5741,17326
5751,17431
5761,17312
5771,17486
5781,17521
5791,17505
5801,17588
5811,17490
5821,17342
5831,17497
5841,17568
5851,17601
5861,17567
5871,17521
5881,17465
5891,17468
5901,17516
5911,17546
5921,17520
5931,17455
5941,17325
5951,17147
5961,17308
5971,17332
5981,17418
5991,17421
6001,17474
6011,17537
6021,17483
6031,17395
6041,17441
6051,17356
6061,17275
6071,17270
6081,17180
6091,17068
6101,16964
6111,17071
6121,17008
6131,16998
6141,17019
6151,17126
6161,17086
6171,17155
6181,17179
6191,17207
6201,17353
6211,17277
6221,17195
6231,17070
6241,17055
6251,17090
6261,17172
6271,17301
6281,17414
6291,17305
6301,17396
6311,17425
6321,17397
6331,17344
6341,17453
6351,17520
6361,17339
6371,17404
6381,17452
6391,17389
6401,17431
6411,17467
6421,17392
6431,17226
6441,17366
6451,17428
6461,17338
6471,17419
6481,17466
6491,17427
6501,17481
6511,17457
6521,17470
6531,17451
6541,17318
6551,17263
6561,17219
6571,17176
6581,17081
6591,17120
6601,17244
6611,17127
6621,17125
6631,17201
6641,17361
6651,17293
6661,17293
6671,17237
6681,17309
6691,17304
6701,17270
6711,17257
6721,17374
6731,17367
6741,17431
6751,17482
6761,17522
6771,17414
6781,17518
6791,17460
6801,17390
6811,17385
6821,17179
6831,17163
6841,17328
6851,17253
6861,17296
6871,17292
6881,17421
6891,17395
6901,17462
6911,17390
6921,17488
6931,17372
6941,17302
6951,17527
6961,17538
6971,17517
6981,17725
6991,17683
7001,17676
7011,17600
7021,17586
7031,17581
7041,17634
7051,17658
7061,17605
7071,17655
7081,17729
7091,17596
7101,17515
7111,17454
7121,17315
7131,17434
7141,17429
7151,17324
7161,17387
7171,17359
7181,17400
7191,17441
7201,17634
7211,17644
7221,17713
7231,17639
7241,17595
7251,17462
7261,17559
7271,17627
7281,17535
7291,17480
7301,17424
7311,17350
7321,17153
7331,17191
7341,17245
7351,17204
7361,17326
7371,17527
7381,17523
7391,17448
7401,17510
7411,17481
7421,17474
7431,17462
7441,17546
7451,17476
7461,17493
7471,17521
7481,17404
7491,17467
7501,17595
7511,17642
7521,17443
7531,17376
7541,17287
7551,17242
7561,17296
7571,17309
7581,17155
7591,17169
7601,17074
7611,17032
7621,17103
7631,17186
7641,17261
7651,17370
7661,17386
7671,17366
7681,17425
7691,17464
7701,17425
7711,17470
7721,17520
7731,17469
7741,17531
7751,17513
7761,17416
7771,17352
7781,17289
7791,17359
7801,17385
7811,17408
7821,17448
7831,17478
7841,17459
7851,17468
7861,17457
7871,17472
7881,17454
7891,17484
7901,17413
7911,17292
7921,17315
7931,17531
7941,17452
7951,17372
7961,17321
7971,17280
7981,17196
7991,17450
8001,17469
8011,17397
8021,17551
8031,17523
8041,17565
8051,17553
8061,17527
8071,17617
8081,17676
8091,17666
8101,17621
8111,17611
8121,17643
8131,17615
8141,17590
8151,17612
8161,17592
8171,17797
8181,17633
8191,17665
8201,17673
8211,17765
8221,17740
8231,17600
8241,17587
8251,17618
8261,17485
8271,17479
8281,17454
8291,17464
8301,17620
8311,17638
8321,17669
8331,17740
8341,17765
8351,17896
8361,17773
8371,17573
8381,17623
8391,17498
8401,17586
8411,17585
8421,17580
8431,17626
8441,17716
8451,17788
8461,17820
8471,17856
8481,17875
8491,17822
8501,17740
8511,17631
8521,17747
8531,17683
8541,17488
8551,17426
8561,17344
8571,17421
8581,17521
8591,17536
8601,17629
8611,17626
8621,17494
8631,17616
8641,17723
8651,17667
8661,17704
8671,17507
8681,17545
8691,17558
8701,17715
8711,17726
8721,17577
8731,17712
8741,17708
8751,17563
8761,17689
8771,17707
8781,17705
8791,17667
8801,17762
8811,17842
8821,17772
8831,17903
8841,17759
8851,17752
8861,17644
8871,17728
8881,17642
8891,17724
8901,17732
8911,17609
8921,17621
8931,17513
8941,17371
8951,17485
8961,17435
8971,17581
8981,17586
8991,17588
9001,17750
9011,17691
9021,17676
9031,17661
9041,17681
9051,17697
9061,17667
9071,17676
9081,17664
9091,17764
9101,17793
9111,17796
9121,17654
9131,17504
9141,17451
9151,17448
9161,17593
9171,17452
9181,17469
9191,17453
9201,17382
9211,17372
9221,17539
9231,17497
9241,17446
9251,17372
9261,17304
9271,17380
9281,17407
9291,17260
9301,17411
9311,17547
9321,17456
9331,17459
9341,17471
9351,17501
9361,17416
9371,17434
9381,17509
9391,17400
9401,17364
9411,17425
9421,17463
9431,17496
9441,17459
9451,17534
9461,17578
9471,17492
9481,17578
9491,17593
9501,17555
9511,17720
9521,17699
9531,17693
9541,17641
9551,17763
9561,17760
9571,17697
9581,17634
9591,17486
9601,17384
9611,17394
9621,17313
9631,17322
9641,17288
9651,17311
9661,17310
9671,17220
9681,17233
9691,17339
9701,17437
9711,17519
9721,17533
9731,17714
9741,17631
9751,17585
9761,17598
9771,17679
9781,17563
9791,17578
9801,17609
9811,17645
9821,17609
9831,17544
9841,17525
9851,17594
9861,17477
9871,17409
9881,17419
9891,17443
9901,17468
9911,17543
9921,17468
9931,17338
9941,17369
9951,17391
9961,17460
9971,17504
9981,17442
9991,17497
10001,17546
10011,17529
10021,17450
10031,17601
10041,17593
10051,17751
10061,17855
10071,17759
10081,17649
10091,17644
10101,17697
10111,17528
10121,17567
10131,17539
10141,17571
10151,17570
10161,17571
10171,17627
10181,17612
10191,17668
10201,17576
10211,17603
10221,17566
10231,17468
10241,17492
10251,17406
10261,17357
10271,17373
10281,17500
10291,17520
10301,17435
10311,17455
10321,17433
10331,17437
10341,17409
10351,17489
10361,17566
10371,17481
10381,17406
10391,17549
10401,17436
10411,17423
10421,17283
10431,17284
10441,17363
10451,17389
10461,17615
10471,17586
10481,17560
10491,17635
10501,17635
10511,17545
10521,17516
10531,17609
10541,17689
10551,17600
10561,17547
10571,17464
10581,17615
10591,17637
10601,17656
10611,17615
10621,17606
10631,17601
10641,17481
10651,17320
10661,17406
10671,17443
10681,17450
10691,17330
10701,17236
10711,17212
10721,17367
10731,17371
10741,17440
10751,17362
10761,17390
10771,17262
10781,17160
10791,17112
10801,17127
10811,17182
10821,17160
10831,17126
10841,17236
10851,17369
10861,17448
10871,17304
10881,17265
10891,17317
10901,17240
10911,17275
10921,17438
10931,17416
10941,17436
10951,17443
10961,17347
10971,17285
10981,17300
10991,17191
11001,17324
11011,17253
11021,17422
11031,17443
11041,17482
11051,17515
11061,17413
11071,17327
11081,17271
11091,17360
11101,17435
11111,17404
11121,17428
11131,17262
11141,17373
11151,17290
11161,17353
11171,17270
11181,17266
11191,17127
11201,17103
11211,17006
11221,17112
11231,17061
11241,17158
11251,17184
11261,17262
11271,17216
11281,17143
11291,17231
11301,17301
11311,17279
11321,17294
11331,17190
11341,17191
11351,17129
11361,17249
11371,17184
11381,17233
11391,17329
11401,17191
11411,17200
11421,17079
11431,17039
11441,16970
11451,17112
11461,17124
11471,17122
11481,17096
11491,17047
11501,17109
11511,17090
11521,17071
11531,17068
11541,17048
11551,17107
11561,17006
11571,17119
11581,17144
11591,17091
11601,17240
11611,17307
11621,17464
11631,17600
11641,17702
11651,17747
11661,17707
11671,17622
11681,17589
11691,17620
11701,17446
11711,17451
11721,17478
11731,17600
11741,17500
11751,17628
11761,17700
11771,17742
11781,17711
11791,17767
11801,17765
11811,17714
11821,17766
11831,17766
11841,17788
11851,17788
11861,17740
11871,17690
11881,17713
11891,17762
11901,17847
11911,17977
11921,17889
11931,17974
11941,17918
11951,18043
11961,18095
11971,18077
11981,17819
11991,17810
12001,17791
12011,17856
12021,17754
12031,17729
12041,17651
12051,17612
12061,17601
12071,17498
12081,17513
12091,17458
12101,17447
12111,17404
12121,17413
12131,17433
12141,17478
12151,17547
12161,17473
12171,17502
12181,17401
12191,17354
12201,17193
12211,17117
12221,17170
12231,17186
12241,17204
12251,17233
12261,17352
12271,17409
12281,17368
12291,17367
12301,17464
12311,17452
12321,17518
12331,17452
12341,17341
12351,17457
12361,17499
12371,17425
12381,17352
12391,17323
12401,17445
12411,17527
12421,17620
12431,17558
12441,17437
12451,17511
12461,17609
12471,17653
12481,17658
12491,17715
12501,17833
12511,17804
12521,17913
12531,17829
12541,17641
12551,17499
12561,17608
12571,17564
12581,17512
12591,17584
12601,17577
12611,17426
12621,17524
12631,17472
12641,17588
12651,17574
12661,17541
12671,17560
12681,17478
12691,17572
12701,17629
12711,17482
12721,17437
12731,17366
12741,17372
12751,17371
12761,17318
12771,17300
12781,17390
12791,17400
12801,17442
12811,17513
12821,17597
12831,17655
12841,17631
12851,17558
12861,17571
12871,17415
12881,17436
12891,17413
12901,17383
12911,17252
12921,17362
12931,17310
12941,17331
12951,17331
12961,17293
12971,17262
12981,17300
12991,17463
13001,17445
13011,17373
13021,17366
13031,17449
13041,17471
13051,17477
13061,17447
13071,17407
13081,17204
13091,17213
13101,17293
13111,17438
13121,17452
13131,17447
13141,17322
