generation,num_individuals
1,100
11,101
21,125
31,132
41,150
51,168
61,178
71,199
81,218
91,227
101,259
111,281
121,304
131,338
141,363
151,389
161,423
171,450
181,492
191,519
201,596
211,651
221,723
231,739
241,796
251,820
261,855
271,904
281,945
291,1056
301,1134
311,1228
321,1350
331,1469
341,1583
351,1684
361,1791
371,1925
381,2082
391,2216
401,2350
411,2460
421,2649
431,2845
441,3111
451,3278
461,3500
471,3656
481,3888
491,4075
501,4330
511,4604
521,4820
531,5064
541,5415
551,5700
561,5986
571,6296
581,6449
591,6780
601,7077
611,7324
621,7693
631,8059
641,8424
651,8773
661,9028
671,9382
681,9844
691,10197
701,10395
711,10657
721,11129
731,11487
741,11723
751,12177
761,12453
771,12872
781,13016
791,13132
801,13400
811,13800
821,14106
831,14323
841,14490
851,14772
861,15015
871,15221
881,15400
891,15468
901,15514
911,15578
921,15697
931,15773
941,15950
951,15864
961,15858
971,16007
981,16058
991,16272
1001,16465
1011,16631
1021,16615
1031,16716
1041,16749
1051,16709
1061,16763
1071,16829
1081,16930
1091,16778
1101,16911
1111,17011
1121,17030
1131,17029
1141,17038
1151,17044
1161,16928
1171,16921
1181,16886
1191,16959
1201,17001
1211,16916
1221,16954
1231,16930
1241,17076
1251,17044
1261,17026
1271,16901
1281,16998
1291,17117
1301,17110
1311,17102
1321,17078
1331,17035
1341,17118
1351,17127
1361,17242
1371,17341
1381,17274
1391,17513
1401,17485
1411,17353
1421,17362
1431,17312
1441,17209
1451,17277
1461,17219
1471,17215
1481,17286
1491,17323
1501,17293
1511,17311
1521,17304
1531,17299
1541,17280
1551,17378
1561,17440
1571,17429
1581,17429
1591,17465
1601,17447
1611,17481
1621,17460
1631,17524
1641,17486
1651,17411
1661,17390
1671,17433
1681,17456
1691,17433
1701,17354
1711,17377
1721,17380
1731,17284
1741,17198
1751,17167
1761,17329
1771,17254
1781,17177
1791,17086
1801,16993
1811,16928
1821,16963
1831,16982
1841,16995
1851,16955
1861,16996
1871,17059
1881,17118
1891,17161
1901,17032
1911,17018
1921,17057
1931,17088
1941,17149
1951,17145
1961,17274
1971,17272
1981,17267
1991,17368
2001,17367
2011,17359
2021,17317
2031,17494
2041,17479
2051,17627
2061,17654
2071,17591
2081,17507
2091,17646
2101,17427
2111,17388
2121,17291
2131,17339
2141,17353
2151,17498
2161,17459
2171,17495
2181,17473
2191,17403
2201,17386
2211,17297
2221,17181
2231,17255
2241,17241
2251,17319
2261,17355
2271,17414
2281,17430
2291,17530
2301,17492
2311,17406
2321,17326
2331,17319
2341,17383
2351,17415
2361,17262
2371,17190
2381,17093
2391,17140
2401,17148
2411,17249
2421,17493
2431,17503
2441,17572
2451,17626
2461,17689
2471,17717
2481,17602
2491,17600
2501,17604
2511,17581
2521,17500
2531,17420
2541,17466
2551,17394
2561,17442
2571,17452
2581,17442
2591,17422
2601,17492
2611,17472
2621,17614
2631,17550
2641,17519
2651,17563
2661,17665
2671,17669
2681,17626
2691,17487
2701,17492
2711,17536
2721,17511
2731,17537
2741,17740
2751,17779
2761,17877
2771,17898
2781,17855
2791,17820
2801,17700
2811,17628
2821,17640
2831,17655
2841,17638
2851,17614
2861,17630
2871,17412
2881,17502
2891,17467
2901,17401
2911,17370
2921,17320
2931,17288
2941,17298
2951,17373
2961,17282
2971,17247
2981,17200
2991,17342
3001,17403
3011,17482
3021,17464
3031,17379
3041,17395
3051,17524
3061,17545
3071,17561
3081,17556
3091,17526
3101,17500
3111,17519
3121,17498
3131,17459
3141,17498
3151,17423
3161,17557
3171,17562
3181,17719
3191,17689
3201,17794
3211,17802
3221,17853
3231,17850
3241,17738
3251,17679
3261,17739
3271,17640
3281,17594
3291,17702
3301,17421
3311,17405
3321,17357
3331,17335
3341,17342
3351,17200
3361,17208
3371,17234
3381,17196
3391,17299
3401,17102
3411,17092
3421,17191
3431,17216
3441,17247
3451,17231
3461,17130
3471,17069
3481,17160
3491,17339
3501,17298
3511,17411
3521,17232
3531,17253
3541,17134
3551,17148
3561,17218
3571,17176
3581,17219
3591,17133
3601,17142
3611,17048
3621,17016
3631,17117
3641,17088
3651,17190
3661,17168
3671,17169
3681,17190
3691,17279
3701,17249
3711,17375
3721,17367
3731,17269
3741,17343
3751,17324
3761,17298
3771,17262
3781,17246
3791,17293
3801,17214
3811,17082
3821,16971
3831,17043
3841,17156
3851,17150
3861,17161
3871,16954
3881,17078
3891,17029
3901,17085
3911,17150
3921,17113
3931,17130
3941,17115
3951,17174
3961,17103
3971,17043
3981,17051
3991,17183
4001,17187
4011,17173
4021,17243
4031,17139
4041,17300
4051,17261
4061,17444
4071,17411
4081,17425
4091,17385
4101,17235
4111,17327
4121,17213
4131,17342
4141,17458
4151,17486
4161,17529
4171,17621
4181,17559
4191,17485
4201,17565
4211,17514
4221,17382
4231,17427
4241,17449
4251,17333
4261,17338
4271,17235
4281,17330
4291,17374
4301,17311
4311,17363
4321,17454
4331,17559
4341,17538
4351,17674
4361,17711
4371,17653
4381,17607
4391,17363
4401,17489
4411,17415
4421,17373
4431,17361
4441,17299
4451,17279
4461,17379
4471,17352
4481,17322
4491,17430
4501,17407
4511,17475
4521,17424
4531,17361
4541,17368
4551,17296
4561,17302
4571,17343
4581,17313
4591,17361
4601,17286
4611,17219
4621,17313
4631,17175
4641,17137
4651,17150
4661,17059
4671,17122
4681,17200
4691,17274
4701,17180
4711,17189
4721,17179
4731,17130
4741,17272
4751,17325
4761,17347
4771,17239
4781,17040
4791,17125
4801,17095
4811,17080
4821,17196
4831,17413
4841,17322
4851,17477
4861,17468
4871,17486
4881,17558
4891,17520
4901,17467
4911,17356
4921,17356
4931,17434
4941,17446
4951,17443
4961,17513
4971,17619
4981,17585
4991,17603
5001,17634
5011,17539
5021,17525
5031,17475
5041,17371
5051,17414
5061,17519
5071,17613
5081,17791
5091,17704
5101,17758
5111,17792
5121,17934
5131,17808
5141,17703
5151,17640
5161,17468
5171,17504
5181,17700
5191,17821
5201,17726
5211,17669
5221,17765
5231,17614
5241,17560
5251,17487
5261,17518
5271,17589
5281,17519
5291,17553
5301,17532
5311,17414
5321,17380
5331,17274
5341,17353
5351,17441
5361,17472
5371,17418
5381,17297
5391,17318
5401,17240
5411,17435
5421,17407
5431,17430
5441,17360
5451,17327
5461,17266
5471,17307
5481,17351
5491,17417
5501,17344
5511,17375
5521,17305
5531,17317
5541,17454
5551,17392
5561,17361
5571,17392
5581,17488
5591,17485
5601,17506
5611,17576
5621,17493
5631,17460
5641,17583
5651,17623
5661,17388
5671,17367
5681,17527
5691,17648
5701,17707
5711,17687
5721,17589
5731,17484
5741,17398
5751,17334
5761,17367
5771,17345
5781,17360
5791,17357
5801,17296
5811,17322
5821,17330
5831,17335
5841,17271
5851,17185
5861,17319
5871,17238
5881,17240
5891,17216
5901,17175
5911,17272
5921,17224
5931,17268
5941,17193
5951,17236
5961,17333
5971,17258
5981,17303
5991,17287
6001,17360
6011,17388
6021,17242
6031,17344
6041,17255
6051,17256
6061,17065
6071,17042
6081,17066
6091,17057
6101,17192
6111,17266
6121,17191
6131,17074
6141,17238
6151,17217
6161,17308
6171,17336
6181,17460
6191,17458
6201,17361
6211,17412
6221,17349
6231,17534
6241,17514
6251,17571
6261,17470
6271,17570
6281,17591
6291,17574
6301,17621
6311,17594
6321,17566
6331,17662
6341,17754
6351,17694
6361,17559
6371,17442
6381,17386
6391,17242
6401,17362
6411,17448
6421,17392
6431,17414
6441,17535
6451,17590
6461,17511
6471,17473
6481,17478
6491,17536
6501,17558
6511,17561
6521,17465
6531,17605
6541,17591
6551,17644
6561,17678
6571,17752
6581,17796
6591,17778
6601,17802
6611,17720
6621,17653
6631,17591
6641,17671
6651,17696
6661,17607
6671,17631
6681,17626
6691,17579
6701,17610
6711,17689
6721,17730
6731,17659
6741,17626
6751,17501
6761,17392
6771,17424
6781,17587
6791,17602
6801,17607
6811,17682
6821,17518
6831,17581
6841,17523
6851,17574
6861,17449
6871,17434
6881,17474
6891,17465
6901,17591
6911,17520
6921,17481
6931,17362
6941,17447
6951,17609
6961,17544
6971,17440
6981,17439
6991,17221
7001,17300
7011,17400
7021,17438
7031,17438
7041,17525
7051,17634
7061,17732
7071,17765
7081,17756
7091,17692
7101,17753
7111,17747
7121,17747
7131,17696
7141,17582
7151,17538
7161,17635
7171,17640
7181,17681
7191,17745
7201,17898
7211,17853
7221,17932
7231,18021
7241,17979
7251,18046
7261,18098
7271,18066
7281,18003
7291,18085
7301,18030
7311,18064
7321,18024
7331,17841
7341,17854
7351,17727
7361,17722
7371,17753
7381,17794
7391,17788
7401,17754
7411,17810
7421,17670
7431,17519
7441,17450
7451,17496
7461,17505
7471,17512
7481,17404
7491,17299
7501,17234
7511,17217
7521,17097
7531,17159
7541,17321
7551,17526
7561,17562
7571,17575
7581,17554
7591,17636
7601,17616
7611,17432
7621,17421
7631,17347
7641,17328
7651,17351
7661,17235
7671,17178
7681,17237
7691,17225
7701,17202
7711,17323
7721,17374
7731,17293
7741,17380
7751,17635
7761,17601
7771,17655
7781,17480
7791,17453
7801,17616
7811,17517
7821,17431
7831,17286
7841,17297
7851,17227
7861,17159
7871,16998
7881,16929
7891,16928
7901,16908
7911,17117
7921,17159
7931,17113
7941,17260
7951,17324
7961,17363
7971,17402
7981,17476
7991,17420
8001,17351
8011,17314
8021,17464
8031,17636
8041,17576
8051,17514
8061,17428
8071,17577
8081,17667
8091,17684
8101,17781
8111,17606
8121,17677
8131,17792
8141,17840
8151,17767
8161,17857
8171,17814
8181,17742
8191,17775
8201,17639
8211,17551
8221,17718
8231,17624
8241,17563
8251,17523
8261,17541
8271,17644
8281,17604
8291,17636
8301,17446
8311,17423
8321,17480
8331,17361
8341,17427
8351,17463
8361,17511
8371,17573
8381,17515
8391,17571
8401,17699
8411,17712
8421,17686
8431,17694
8441,17761
8451,17751
8461,17778
8471,17695
8481,17729
8491,17663
8501,17587
8511,17553
8521,17608
8531,17612
8541,17722
8551,17612
8561,17605
8571,17566
8581,17507
8591,17545
8601,17493
8611,17381
8621,17538
8631,17463
8641,17507
8651,17587
8661,17581
8671,17611
8681,17617
8691,17551
8701,17546
8711,17578
8721,17693
8731,17634
8741,17723
8751,17768
8761,17731
8771,17700
8781,17831
8791,17688
8801,17826
8811,17813
8821,17760
8831,17689
8841,17792
8851,17892
8861,17839
8871,17651
8881,17780
8891,17748
8901,17683
8911,17621
8921,17512
8931,17649
8941,17666
8951,17702
8961,17722
8971,17729
8981,17817
8991,17759
9001,17796
9011,17789
9021,17716
9031,17641
9041,17685
9051,17500
9061,17502
9071,17594
9081,17603
9091,17553
9101,17599
9111,17510
9121,17554
9131,17465
9141,17422
9151,17425
9161,17488
9171,17499
9181,17657
9191,17616
9201,17697
9211,17651
9221,17736
9231,17770
9241,17801
9251,17904
9261,17973
9271,17917
9281,17920
9291,17841
9301,17755
9311,17675
9321,17664
9331,17547
9341,17438
9351,17345
9361,17259
9371,17198
9381,17126
9391,17103
9401,17126
9411,17028
9421,17064
9431,17144
9441,17114
9451,17063
9461,17173
9471,17165
9481,17260
9491,17371
9501,17454
9511,17520
9521,17435
9531,17476
9541,17589
9551,17614
9561,17474
9571,17425
9581,17399
9591,17419
9601,17416
9611,17314
9621,17530
9631,17477
9641,17404
9651,17403
9661,17335
9671,17390
9681,17368
9691,17454
9701,17519
9711,17471
9721,17528
9731,17531
9741,17438
9751,17302
9761,17204
9771,17210
9781,17228
9791,17350
9801,17333
9811,17369
9821,17436
9831,17459
9841,17617
9851,17612
9861,17531
9871,17630
9881,17622
9891,17587
9901,17492
9911,17575
9921,17511
9931,17517
9941,17515
9951,17493
9961,17451
9971,17473
9981,17355
9991,17162
10001,17192
10011,17077
10021,17120
10031,17237
10041,17323
10051,17274
10061,17171
10071,17158
10081,17270
10091,17368
10101,17507
10111,17527
10121,17501
10131,17537
10141,17536
10151,17557
10161,17456
10171,17405
10181,17453
10191,17562
10201,17622
10211,17669
10221,17637
10231,17659
10241,17586
10251,17541
10261,17520
10271,17416
10281,17464
10291,17380
10301,17335
10311,17336
10321,17247
10331,17147
10341,17156
10351,17198
10361,17337
10371,17279
10381,17416
10391,17490
10401,17495
10411,17468
10421,17493
10431,17604
10441,17641
10451,17709
10461,17634
10471,17705
10481,17719
10491,17810
10501,17721
10511,17614
10521,17556
10531,17573
10541,17519
10551,17542
10561,17531
10571,17581
10581,17784
10591,17817
10601,17759
10611,17679
10621,17680
10631,17602
10641,17569
10651,17436
10661,17448
10671,17471
10681,17392
10691,17373
10701,17316
10711,17350
10721,17281
10731,17226
10741,17126
10751,17205
10761,17076
10771,17097
10781,17087
10791,16920
10801,16912
10811,16963
10821,16963
10831,17023
10841,16974
10851,16969
10861,16995
10871,17070
10881,17082
10891,17173
10901,17239
10911,17308
10921,17302
10931,17534
10941,17417
10951,17506
10961,17544
10971,17588
10981,17629
10991,17713
11001,17654
11011,17542
11021,17507
11031,17625
11041,17721
11051,17645
11061,17656
11071,17624
11081,17585
11091,17518
11101,17498
11111,17448
11121,17526
11131,17560
11141,17490
11151,17386
11161,17459
11171,17635
11181,17615
11191,17527
11201,17441
11211,17425
11221,17364
11231,17457
11241,17395
11251,17358
11261,17316
11271,17440
11281,17423
11291,17375
11301,17472
11311,17450
11321,17508
11331,17535
11341,17693
11351,17840
11361,17768
11371,17732
11381,17702
11391,17642
11401,17545
11411,17358
11421,17316
11431,17198
11441,17313
11451,17214
11461,17344
11471,17523
11481,17485
11491,17521
11501,17563
11511,17474
11521,17468
11531,17361
11541,17264
11551,17150
11561,17050
11571,17042
11581,17100
11591,17087
11601,17076
11611,17173
11621,17191
11631,17309
11641,17404
11651,17389
11661,17493
11671,17652
11681,17687
11691,17720
11701,17777
11711,17789
11721,17818
11731,17801
11741,17826
11751,17745
11761,17704
11771,17773
11781,17680
11791,17572
11801,17458
11811,17497
11821,17603
11831,17470
11841,17482
11851,17555
11861,17513
11871,17578
11881,17627
11891,17521
11901,17416
11911,17327
11921,17363
11931,17392
11941,17471
11951,17580
11961,17654
11971,17569
11981,17530
11991,17567
12001,17527
12011,17521
12021,17562
12031,17475
12041,17356
12051,17353
12061,17381
12071,17439
12081,17230
12091,17176
12101,17272
12111,17303
12121,17228
12131,17294
12141,17206
12151,17164
12161,17318
12171,17124
12181,17141
12191,17178
12201,17228
12211,17213
12221,17165
12231,17185
12241,17194
12251,17303
12261,17326
12271,17255
12281,17270
12291,17276
12301,17215
12311,17166
12321,17122
12331,17026
12341,17105
12351,17088
12361,17075
12371,17064
12381,17147
12391,17133
12401,17105
12411,17157
12421,17113
12431,17093
12441,17164
12451,17056
12461,17066
12471,17153
12481,17280
12491,17291
12501,17205
12511,17192
12521,17355
12531,17376
12541,17230
12551,17264
12561,17382
12571,17420
12581,17349
12591,17351
12601,17439
12611,17385
12621,17296
12631,17426
12641,17529
12651,17516
12661,17422
12671,17487
12681,17475
12691,17444
12701,17319
12711,17218
12721,17319
12731,17407
12741,17491
12751,17537
12761,17402
12771,17317
12781,17421
12791,17384
12801,17433
12811,17468
12821,17529
12831,17479
12841,17515
12851,17488
12861,17431
12871,17432
12881,17198
12891,17227
12901,17382
12911,17437
12921,17530
12931,17588
12941,17547
12951,17581
12961,17598
12971,17541
12981,17504
12991,17391
13001,17366
13011,17368
13021,17304
13031,17359
13041,17424
13051,17327
13061,17374
13071,17279
13081,17371
13091,17427
13101,17455
13111,17377
13121,17493
13131,17555
13141,17474
13151,17630
13161,17552
13171,17667
13181,17611
13191,17718
13201,17841
13211,17815
13221,17917
13231,17724
13241,17801
13251,17921
13261,17979
13271,18065
13281,17966
13291,17845
13301,17875
13311,17868
13321,17679
13331,17619
13341,17521
13351,17457
13361,17441
13371,17389
13381,17552
13391,17604
13401,17556
13411,17522
13421,17524
13431,17363
13441,17292
13451,17222
13461,17295
13471,17202
13481,17170
13491,17099
13501,17128
13511,17252
13521,17225
13531,17387
13541,17177
13551,17210
13561,17179
13571,17153
13581,17116
13591,17136
13601,17148
13611,16918
13621,17058
13631,17091
13641,17051
13651,17071
13661,17028
13671,17115
13681,16953
13691,17072
13701,17136
13711,17234
13721,17066
13731,17052
13741,17115
13751,17086
13761,17034
13771,17057
13781,17129
13791,17171
13801,17382
13811,17499
13821,17526
13831,17466
13841,17448
13851,17551
13861,17653
13871,17598
13881,17519
13891,17524
13901,17575
13911,17709
13921,17736
13931,17752
13941,17847
13951,17797
13961,17640
13971,17702
13981,17590
13991,17533
14001,17573
14011,17478
14021,17526
14031,17520
14041,17562
14051,17626
14061,17659
14071,17601
14081,17599
14091,17682
14101,17618
14111,17629
14121,17512
14131,17411
14141,17321
14151,17228
14161,17192
14171,17220
14181,17094
14191,17236
14201,17318
14211,17473
14221,17531
14231,17519
14241,17447
14251,17343
14261,17241
14271,17294
14281,17264
14291,17276
14301,17194
14311,17160
14321,17283
14331,17533
14341,17539
14351,17532
14361,17283
14371,17334
14381,17314
14391,17318
14401,17225
14411,17178
14421,17056
14431,16922
14441,17021
14451,16946
14461,17230
14471,17298
14481,17223
14491,17107
14501,17207
14511,17321
14521,17483
14531,17397
14541,17232
14551,17166
14561,17141
14571,17219
14581,17224
14591,17264
14601,17228
14611,17191
14621,17460
14631,17507
14641,17424
14651,17466
14661,17313
14671,17370
14681,17424
14691,17647
14701,17624
14711,17694
14721,17784
14731,17753
14741,17797
14751,17805
14761,17791
14771,17733
14781,17673
14791,17564
14801,17505
14811,17642
14821,17591
14831,17499
14841,17600
14851,17604
14861,17687
14871,17685
14881,17723
14891,17726
14901,17643
14911,17617
14921,17547
14931,17619
14941,17526
14951,17427
14961,17260
14971,17241
14981,17307
14991,17244
15001,17278
15011,17352
15021,17237
15031,17125
15041,17242
15051,17301
15061,17174
15071,17051
15081,16998
15091,17090
15101,17234
15111,17195
15121,17206
15131,17301
15141,17219
15151,17197
15161,17262
15171,17296
15181,17238
15191,17198
15201,17162
