generation,num_individuals
1,100
11,104
21,128
31,140
41,158
51,168
61,191
71,210
81,208
91,224
101,249
111,270
121,301
131,337
141,383
151,398
161,405
171,456
181,477
191,530
201,571
211,624
221,697
231,748
241,796
251,823
261,927
271,1027
281,1119
291,1218
301,1333
311,1426
321,1506
331,1622
341,1757
351,1921
361,2075
371,2119
381,2280
391,2474
401,2644
411,2909
421,3098
431,3299
441,3431
451,3620
461,3829
471,4143
481,4370
491,4537
501,4816
511,5109
521,5421
531,5652
541,6041
551,6356
561,6774
571,7063
581,7360
591,7750
601,8090
611,8339
621,8558
631,8864
641,9216
651,9553
661,9777
671,10184
681,10519
691,10843
701,11115
711,11439
721,11743
731,12059
741,12270
751,12494
761,12828
771,13023
781,13128
791,13290
801,13534
811,13709
821,13928
831,14060
841,14256
851,14377
861,14435
871,14499
881,14664
891,14812
901,15043
911,15113
921,15507
931,15679
941,15783
951,15952
961,16114
971,16149
981,16114
991,16357
1001,16518
1011,16413
1021,16323
1031,16321
1041,16338
1051,16508
1061,16559
1071,16552
1081,16695
1091,16779
1101,16736
1111,16871
1121,17001
1131,17188
1141,17240
1151,17267
1161,17318
1171,17271
1181,17273
1191,17338
1201,17378
1211,17433
1221,17409
1231,17403
1241,17336
1251,17441
1261,17512
1271,17566
1281,17583
1291,17572
1301,17637
1311,17596
1321,17661
1331,17606
1341,17767
1351,17642
1361,17638
1371,17526
1381,17382
1391,17512
1401,17382
1411,17357
1421,17306
1431,17276
1441,17285
1451,17427
1461,17507
1471,17471
1481,17632
1491,17718
1501,17687
1511,17743
1521,17781
1531,17655
1541,17564
1551,17499
1561,17432
1571,17389
1581,17408
1591,17509
1601,17539
1611,17414
1621,17444
1631,17583
1641,17670
1651,17729
1661,17690
1671,17700
1681,17816
1691,17813
1701,17762
1711,17847
1721,17998
1731,17899
1741,17866
1751,17663
1761,17546
1771,17630
1781,17581
1791,17517
1801,17429
1811,17408
1821,17502
1831,17499
1841,17389
1851,17442
1861,17486
1871,17477
1881,17400
1891,17525
1901,17502
1911,17315
1921,17241
1931,17082
1941,17215
1951,17208
1961,17258
1971,17320
1981,17327
1991,17328
2001,17230
2011,17274
2021,17202
2031,17138
2041,17195
2051,17183
2061,17269
2071,17406
2081,17421
2091,17335
2101,17467
2111,17475
2121,17446
2131,17407
2141,17345
2151,17381
2161,17328
2171,17287
2181,17416
2191,17515
2201,17581
2211,17605
2221,17551
2231,17593
2241,17697
2251,17657
2261,17723
2271,17592
2281,17528
2291,17396
2301,17506
2311,17745
2321,17620
2331,17538
2341,17532
2351,17580
2361,17531
2371,17568
2381,17501
2391,17448
2401,17503
2411,17555
2421,17663
2431,17799
2441,17832
2451,17802
2461,17901
2471,17935
2481,17809
2491,17771
2501,17826
2511,17684
2521,17618
2531,17644
2541,17696
2551,17723
2561,17754
2571,17610
2581,17595
2591,17649
2601,17673
2611,17783
2621,17738
2631,17890
2641,17773
2651,17682
2661,17589
2671,17725
2681,17873
2691,17733
2701,17745
2711,17837
2721,17716
2731,17699
2741,17727
2751,17621
2761,17634
2771,17896
2781,17707
2791,17605
2801,17546
2811,17468
2821,17456
2831,17351
2841,17457
2851,17402
2861,17428
2871,17323
2881,17365
2891,17307
2901,17203
2911,17292
2921,17327
2931,17256
2941,17394
2951,17521
2961,17550
2971,17536
2981,17407
2991,17347
3001,17396
3011,17282
3021,17143
3031,17044
3041,17016
3051,17072
3061,17120
3071,17118
3081,17179
3091,17168
3101,17192
3111,17283
3121,17292
3131,17261
3141,17255
3151,17305
3161,17281
3171,17373
3181,17438
3191,17406
3201,17439
3211,17357
3221,17437
3231,17555
3241,17575
3251,17528
3261,17414
3271,17408
3281,17404
3291,17512
3301,17414
3311,17418
3321,17398
3331,17332
3341,17449
3351,17381
3361,17292
3371,17428
3381,17502
3391,17479
3401,17425
3411,17358
3421,17307
3431,17399
3441,17501
3451,17423
3461,17600
3471,17573
3481,17641
3491,17550
3501,17459
3511,17388
3521,17389
3531,17414
3541,17441
3551,17579
3561,17517
3571,17499
3581,17486
3591,17284
3601,17409
3611,17447
3621,17528
3631,17396
3641,17354
3651,17506
3661,17499
3671,17540
3681,17581
3691,17666
3701,17601
3711,17667
3721,17755
3731,17683
3741,17749
3751,17771
3761,17555
3771,17549
3781,17585
3791,17524
3801,17618
3811,17657
3821,17697
3831,17752
3841,17715
3851,17675
3861,17739
3871,17729
3881,17693
3891,17625
3901,17726
3911,17740
3921,17623
3931,17652
3941,17700
3951,17568
3961,17565
3971,17639
3981,17553
3991,17689
4001,17631
4011,17602
4021,17591
4031,17626
4041,17518
4051,17408
4061,17330
4071,17383
4081,17375
4091,17430
4101,17375
4111,17413
4121,17521
4131,17579
4141,17512
4151,17508
4161,17475
4171,17410
4181,17360
4191,17414
4201,17469
4211,17388
4221,17372
4231,17441
4241,17448
4251,17467
4261,17692
4271,17790
4281,17670
4291,17640
4301,17624
4311,17456
4321,17490
4331,17437
4341,17434
4351,17514
4361,17443
4371,17402
4381,17301
4391,17427
4401,17356
4411,17323
4421,17294
4431,17296
4441,17291
4451,17330
4461,17281
4471,17198
4481,17108
4491,16982
4501,16968
4511,16867
4521,16903
4531,16889
4541,17055
4551,17054
4561,17205
4571,17036
4581,16941
4591,16910
4601,16950
4611,16810
4621,16741
4631,16654
4641,16786
4651,16767
4661,16789
4671,16921
4681,17037
4691,17081
4701,17127
4711,17172
4721,17281
4731,17280
4741,17472
4751,17492
4761,17574
4771,17526
4781,17597
4791,17588
4801,17537
4811,17362
4821,17476
4831,17612
4841,17663
4851,17700
4861,17640
4871,17737
4881,17703
4891,17768
4901,17663
4911,17548
4921,17529
4931,17585
4941,17575
4951,17541
4961,17550
4971,17666
4981,17838
4991,17850
5001,17918
5011,17807
5021,17718
5031,17698
5041,17752
5051,17820
5061,17808
5071,17804
5081,17931
5091,17949
5101,17844
5111,17747
5121,17742
5131,17753
5141,17648
5151,17598
5161,17451
5171,17534
5181,17520
5191,17504
5201,17354
5211,17355
5221,17503
5231,17346
5241,17506
5251,17542
5261,17631
5271,17628
5281,17644
5291,17581
5301,17516
5311,17469
5321,17517
5331,17528
5341,17516
5351,17386
5361,17464
5371,17481
5381,17514
5391,17594
5401,17608
5411,17633
5421,17791
5431,17803
5441,17779
5451,17729
5461,17738
5471,17568
5481,17623
5491,17649
5501,17654
5511,17679
5521,17675
5531,17533
5541,17489
5551,17471
5561,17439
5571,17254
5581,17179
5591,17323
5601,17210
5611,17154
5621,17199
5631,17321
5641,17352
5651,17272
5661,17215
5671,17152
5681,17252
5691,17273
5701,17340
5711,17424
5721,17493
5731,17443
5741,17588
5751,17482
5761,17452
5771,17477
5781,17599
5791,17515
5801,17604
5811,17561
5821,17357
5831,17445
5841,17481
5851,17643
5861,17828
5871,17860
5881,17643
5891,17728
5901,17791
5911,17709
5921,17691
5931,17792
5941,17771
5951,17867
5961,17943
5971,17842
5981,17769
5991,17708
6001,17705
6011,17763
6021,17669
6031,17593
6041,17550
6051,17335
6061,17481
6071,17531
6081,17552
6091,17307
6101,17253
6111,17344
6121,17357
6131,17316
6141,17280
6151,17253
6161,17281
6171,17407
6181,17331
6191,17298
6201,17328
6211,17345
6221,17267
6231,17461
6241,17415
6251,17548
6261,17556
6271,17633
6281,17551
6291,17399
6301,17440
6311,17396
6321,17430
6331,17501
6341,17430
6351,17404
6361,17552
6371,17564
6381,17631
6391,17521
6401,17568
6411,17556
6421,17472
6431,17389
6441,17345
6451,17287
6461,17294
6471,17157
6481,17128
6491,17153
6501,17176
6511,17254
6521,17308
6531,17379
6541,17229
6551,17206
6561,17326
6571,17194
6581,17217
6591,17174
6601,17189
6611,17331
6621,17306
6631,17262
6641,17396
6651,17295
6661,17305
6671,17237
6681,17234
6691,17240
6701,17239
6711,17185
6721,17189
6731,17098
6741,16966
6751,17054
6761,17113
6771,17094
6781,17296
6791,17284
6801,17206
6811,17232
6821,17374
6831,17449
6841,17543
6851,17557
6861,17615
6871,17446
6881,17535
6891,17680
6901,17467
6911,17467
6921,17302
6931,17208
6941,17211
6951,17202
6961,17222
6971,17270
6981,17280
6991,17330
7001,17334
7011,17451
7021,17304
7031,17322
7041,17377
7051,17368
7061,17419
7071,17338
7081,17354
7091,17481
7101,17586
7111,17485
7121,17449
7131,17398
7141,17453
7151,17461
7161,17454
7171,17634
7181,17537
7191,17537
7201,17483
7211,17419
7221,17528
7231,17453
7241,17524
7251,17517
7261,17548
7271,17487
7281,17585
7291,17622
7301,17579
7311,17517
7321,17513
7331,17508
7341,17635
7351,17771
7361,17750
7371,17533
7381,17406
7391,17355
7401,17425
7411,17398
7421,17396
7431,17362
7441,17345
7451,17350
7461,17272
7471,17266
7481,17364
7491,17342
7501,17467
7511,17284
7521,17373
7531,17525
7541,17710
7551,17596
7561,17393
7571,17504
7581,17427
7591,17367
7601,17349
7611,17318
7621,17353
7631,17376
7641,17322
7651,17284
7661,17106
7671,17236
7681,17487
7691,17580
7701,17516
7711,17578
7721,17647
7731,17584
7741,17621
7751,17433
7761,17394
7771,17282
7781,17213
7791,17224
7801,17234
7811,17288
7821,17156
7831,17205
7841,17167
7851,17248
7861,17088
7871,17123
7881,17078
7891,17279
7901,17252
7911,17427
7921,17337
7931,17240
7941,17380
7951,17453
7961,17440
7971,17506
7981,17506
7991,17504
8001,17519
8011,17474
8021,17486
8031,17488
8041,17414
8051,17348
8061,17423
8071,17542
8081,17551
8091,17580
8101,17333
8111,17286
8121,17335
8131,17287
8141,17238
8151,17256
8161,17281
8171,17209
8181,17164
8191,17183
8201,17227
8211,17116
8221,17165
8231,17178
8241,17014
8251,17038
8261,17113
8271,17078
8281,17109
8291,17182
8301,17231
8311,17361
8321,17321
8331,17389
8341,17386
8351,17420
8361,17375
8371,17233
8381,17277
8391,17257
8401,17191
8411,17311
8421,17337
8431,17316
8441,17433
8451,17504
8461,17588
8471,17538
8481,17591
8491,17642
8501,17666
8511,17574
8521,17432
8531,17492
8541,17387
8551,17336
8561,17387
8571,17324
8581,17408
8591,17413
8601,17396
8611,17411
8621,17530
8631,17611
8641,17596
8651,17549
8661,17488
8671,17445
8681,17319
8691,17403
8701,17551
8711,17870
8721,17673
8731,17699
8741,17680
8751,17675
8761,17644
8771,17755
8781,17830
8791,17851
8801,17674
8811,17671
8821,17668
8831,17493
8841,17411
8851,17325
8861,17332
8871,17274
8881,17282
8891,17276
8901,17205
8911,17302
8921,17272
8931,17261
8941,17221
8951,17249
8961,17442
8971,17387
8981,17413
8991,17335
9001,17283
9011,17245
9021,17149
9031,17061
9041,17216
9051,17251
9061,17145
9071,17178
9081,17212
9091,17254
9101,17254
9111,17194
9121,17237
9131,17125
9141,17169
9151,17139
9161,17221
9171,17183
9181,17197
9191,17213
9201,17198
9211,17193
9221,17156
9231,17117
9241,17078
9251,17052
9261,17154
9271,17218
9281,17172
9291,17194
9301,17294
9311,17235
9321,17288
9331,17234
9341,17210
9351,17312
9361,17279
9371,17190
9381,17288
9391,17117
9401,17062
9411,17057
9421,17095
9431,17298
9441,17341
9451,17373
9461,17306
9471,17392
9481,17523
9491,17626
9501,17564
9511,17525
9521,17444
9531,17375
9541,17492
9551,17641
9561,17709
9571,17731
9581,17673
9591,17793
9601,17822
9611,17846
9621,17783
9631,17800
9641,17709
9651,17785
9661,17756
9671,17731
9681,17690
9691,17441
9701,17394
9711,17327
9721,17368
9731,17256
9741,17405
9751,17343
9761,17419
9771,17334
9781,17296
9791,17320
9801,17319
9811,17349
9821,17392
9831,17511
9841,17462
9851,17626
9861,17529
9871,17434
9881,17311
9891,17355
9901,17494
9911,17488
9921,17420
9931,17489
9941,17366
9951,17356
9961,17312
9971,17378
9981,17287
9991,17335
10001,17232
10011,17311
10021,17295
10031,17382
10041,17499
10051,17542
10061,17452
10071,17526
10081,17655
10091,17639
10101,17803
10111,17908
10121,17856
10131,17839
10141,17883
10151,17971
10161,17989
10171,17904
10181,17968
10191,17952
10201,18082
10211,18005
10221,18073
10231,18016
10241,17975
10251,17814
10261,17861
10271,17771
10281,17974
10291,17990
10301,17980
10311,17852
10321,17867
10331,17716
10341,17804
10351,17779
10361,17781
10371,17799
10381,17806
10391,17853
10401,17715
10411,17660
10421,17755
10431,17622
10441,17659
10451,17574
10461,17728
10471,17836
10481,17815
10491,17797
10501,17689
10511,17755
10521,17679
10531,17710
10541,17745
10551,17801
10561,17687
10571,17835
10581,17845
10591,17630
10601,17693
10611,17486
10621,17474
10631,17531
10641,17566
10651,17506
10661,17358
10671,17454
10681,17328
10691,17371
10701,17364
10711,17448
10721,17512
10731,17416
10741,17345
10751,17430
10761,17513
10771,17495
10781,17646
10791,17651
10801,17646
10811,17493
10821,17601
10831,17572
10841,17419
10851,17264
10861,17152
10871,17252
10881,17131
10891,17121
10901,17178
10911,17174
10921,17214
10931,17249
10941,17336
10951,17343
10961,17443
10971,17381
10981,17350
10991,17347
11001,17207
11011,17183
11021,17161
11031,17224
11041,17158
11051,17267
11061,17301
11071,17365
11081,17352
11091,17375
11101,17318
11111,17289
11121,17309
11131,17277
11141,17236
11151,17268
11161,17296
11171,17210
11181,17217
11191,17093
11201,17049
11211,17055
11221,17103
11231,17064
11241,17030
11251,17083
11261,17139
11271,17011
11281,16937
11291,17042
11301,17045
11311,17110
11321,17042
11331,17048
11341,17119
11351,17115
11361,17055
11371,17147
11381,17119
11391,17236
11401,17194
11411,17257
11421,17343
11431,17441
11441,17517
11451,17387
11461,17537
11471,17655
11481,17622
11491,17578
11501,17478
11511,17493
11521,17535
11531,17464
11541,17388
11551,17418
11561,17400
11571,17404
11581,17556
11591,17598
11601,17698
11611,17461
11621,17453
11631,17459
11641,17378
11651,17414
11661,17392
11671,17376
11681,17422
11691,17460
11701,17475
11711,17398
11721,17308
11731,17380
11741,17383
11751,17271
11761,17388
11771,17344
11781,17318
11791,17354
11801,17196
11811,17291
11821,17255
11831,17310
11841,17313
11851,17423
11861,17436
11871,17379
11881,17282
11891,17434
11901,17461
11911,17519
11921,17446
11931,17417
11941,17457
11951,17465
11961,17475
11971,17545
11981,17463
11991,17373
12001,17414
12011,17371
12021,17467
12031,17515
12041,17628
12051,17669
12061,17605
12071,17451
12081,17470
12091,17421
12101,17405
12111,17342
12121,17201
12131,17208
12141,17168
12151,17255
12161,17502
12171,17362
12181,17394
12191,17184
12201,17131
12211,17129
12221,16984
12231,17050
12241,17016
12251,17046
12261,17200
12271,17247
12281,17105
12291,16999
12301,17090
12311,17184
12321,17178
12331,17197
12341,17177
12351,17348
12361,17352
12371,17275
12381,17305
12391,17353
12401,17541
12411,17691
12421,17767
12431,17787
12441,17739
12451,17771
12461,17781
12471,17580
12481,17554
12491,17464
12501,17587
12511,17613
12521,17653
12531,17695
12541,17645
12551,17610
12561,17680
12571,17656
12581,17656
12591,17629
12601,17592
12611,17578
12621,17577
12631,17497
12641,17526
12651,17447
12661,17444
12671,17425
12681,17468
12691,17405
12701,17487
12711,17568
12721,17493
12731,17494
12741,17547
12751,17525
12761,17676
12771,17672
12781,17624
12791,17570
12801,17397
12811,17437
12821,17347
12831,17295
12841,17264
12851,17288
12861,17263
12871,17293
12881,17498
12891,17483
12901,17468
12911,17452
12921,17389
12931,17350
12941,17402
12951,17355
12961,17283
12971,17386
12981,17400
12991,17494
13001,17523
13011,17422
13021,17418
13031,17355
13041,17405
13051,17233
13061,17344
13071,17444
13081,17393
13091,17309
13101,17262
13111,17278
13121,17260
13131,17164
13141,17267
13151,17301
13161,17356
13171,17413
13181,17277
13191,17341
13201,17230
13211,17317
13221,17418
13231,17416
13241,17386
13251,17466
13261,17525
13271,17350
13281,17543
13291,17571
13301,17704
13311,17685
13321,17657
13331,17619
13341,17550
13351,17537
13361,17520
13371,17553
13381,17661
13391,17596
13401,17703
13411,17715
13421,17627
13431,17537
13441,17579
13451,17697
13461,17748
13471,17760
13481,17835
13491,17803
13501,17777
13511,17731
13521,17632
13531,17709
13541,17739
13551,17843
13561,17793
13571,17815
13581,17853
13591,17807
13601,17654
13611,17619
13621,17524
13631,17545
13641,17694
13651,17551
13661,17614
13671,17693
13681,17562
13691,17613
13701,17476
13711,17589
13721,17553
13731,17377
13741,17419
13751,17478
13761,17570
13771,17658
13781,17621
13791,17770
13801,17914
13811,17832
13821,17844
13831,17873
13841,17712
13851,17671
13861,17709
13871,17808
13881,17823
13891,17689
13901,17439
13911,17482
13921,17383
13931,17254
13941,17353
13951,17412
13961,17462
13971,17541
13981,17650
13991,17642
14001,17636
14011,17538
14021,17604
14031,17600
14041,17529
14051,17576
14061,17466
14071,17441
14081,17489
14091,17369
14101,17374
14111,17441
14121,17496
14131,17575
14141,17641
14151,17568
14161,17695
14171,17740
14181,17797
14191,17737
14201,17586
14211,17718
14221,17786
14231,17861
14241,17999
14251,17855
14261,17730
14271,17792
14281,17734
14291,17715
14301,17749
14311,17696
14321,17649
14331,17557
14341,17706
14351,17784
14361,17853
14371,17747
14381,17857
14391,17814
14401,17682
14411,17662
14421,17622
14431,17550
14441,17673
14451,17734
14461,17729
14471,17766
14481,17579
14491,17559
14501,17459
14511,17452
14521,17608
14531,17606
14541,17567
14551,17594
14561,17643
14571,17631
14581,17718
14591,17795
14601,17775
14611,17625
14621,17663
14631,17483
14641,17527
14651,17497
14661,17466
14671,17530
14681,17463
14691,17462
14701,17384
14711,17314
14721,17277
14731,17170
14741,17292
14751,17288
14761,17467
14771,17488
14781,17532
14791,17527
14801,17545
14811,17688
14821,17693
14831,17753
14841,17732
14851,17712
14861,17771
14871,17715
14881,17741
14891,17739
14901,17600
14911,17530
14921,17476
14931,17481
14941,17478
14951,17408
14961,17528
14971,17493
14981,17524
14991,17395
15001,17462
15011,17393
15021,17367
15031,17107
15041,17074
15051,17033
15061,16864
15071,16949
15081,17120
15091,17320
15101,17335
15111,17319
15121,17266
15131,17324
15141,17214
15151,17169
15161,17138
15171,16906
15181,16975
15191,17143
15201,17296
15211,17245
15221,17240
15231,17379
15241,17334
15251,17474
15261,17477
15271,17660
15281,17579
15291,17559
15301,17601
15311,17653
15321,17654
15331,17563
15341,17716
15351,17736
15361,17653
15371,17680
15381,17699
15391,17536
15401,17550
15411,17476
15421,17455
15431,17555
15441,17491
15451,17464
15461,17547
15471,17519
15481,17516
15491,17492
15501,17527
15511,17580
15521,17399
15531,17491
15541,17372
15551,17396
15561,17432
15571,17315
15581,17368
15591,17290
15601,17189
15611,17231
15621,17158
15631,17233
15641,17165
15651,17247
15661,17271
15671,17293
15681,17214
15691,17361
15701,17263
15711,17291
15721,17364
15731,17360
15741,17414
15751,17402
15761,17317
15771,17239
15781,17242
15791,17221
15801,17072
15811,17215
15821,17356
15831,17347
15841,17229
15851,17187
15861,17442
15871,17479
15881,17547
15891,17646
15901,17560
15911,17495
15921,17323
15931,17305
15941,17258
15951,17223
15961,17265
15971,17253
15981,17168
15991,17212
16001,17232
16011,17254
16021,17297
16031,17396
16041,17370
16051,17396
16061,17297
16071,17420
16081,17363
16091,17413
16101,17502
16111,17471
16121,17415
16131,17401
16141,17508
16151,17473
16161,17564
16171,17483
16181,17359
16191,17477
16201,17451
16211,17438
16221,17434
16231,17295
16241,17297
16251,17422
16261,17593
16271,17664
16281,17620
16291,17584
16301,17429
16311,17404
16321,17454
16331,17393
16341,17490
16351,17504
16361,17573
16371,17648
16381,17658
16391,17657
16401,17511
16411,17568
16421,17424
16431,17515
16441,17478
16451,17407
16461,17393
16471,17502
16481,17560
16491,17635
16501,17579
16511,17505
16521,17564
16531,17528
16541,17534
16551,17505
16561,17603
16571,17498
16581,17561
16591,17480
16601,17392
16611,17369
16621,17338
16631,17326
16641,17314
16651,17327
16661,17441
16671,17465
16681,17509
16691,17290
16701,17331
16711,17293
16721,17169
16731,17294
16741,17417
16751,17487
16761,17440
16771,17374
16781,17456
16791,17545
16801,17530
16811,17490
16821,17582
16831,17394
16841,17404
16851,17419
16861,17481
16871,17540
16881,17518
16891,17474
16901,17296
16911,17313
16921,17440
16931,17572
16941,17529
16951,17515
16961,17401
16971,17514
16981,17553
16991,17588
17001,17538
17011,17431
17021,17451
17031,17564
17041,17530
17051,17609
17061,17648
17071,17750
17081,17905
17091,17878
17101,17816
17111,17652
17121,17704
17131,17724
17141,17787
17151,17881
17161,17914
17171,17928
17181,17877
17191,17763
17201,17794
17211,17648
17221,17522
17231,17608
17241,17596
17251,17593
17261,17500
17271,17683
17281,17734
17291,17658
17301,17606
17311,17501
17321,17470
17331,17426
17341,17294
17351,17296
17361,17298
17371,17434
17381,17428
17391,17407
17401,17469
17411,17409
17421,17439
17431,17242
17441,17255
17451,17358
17461,17242
17471,17112
17481,17223
17491,17232
17501,17269
17511,17353
17521,17390
17531,17343
17541,17341
17551,17314
17561,17392
17571,17477
17581,17651
17591,17713
17601,17642
17611,17650
17621,17546
17631,17577
17641,17695
17651,17613
17661,17552
17671,17569
17681,17565
17691,17546
17701,17615
17711,17595
17721,17557
17731,17518
17741,17455
17751,17422
17761,17432
17771,17304
17781,17408
17791,17427
17801,17275
17811,17236
17821,17241
17831,17271
17841,17159
17851,17208
17861,17374
17871,17319
17881,17320
17891,17351
17901,17433
17911,17401
17921,17593
17931,17583
17941,17580
17951,17700
17961,17839
17971,17883
17981,17903
17991,17729
18001,17467
18011,17587
18021,17695
18031,17619
18041,17577
18051,17632
18061,17580
18071,17563
18081,17627
18091,17514
18101,17456
18111,17527
18121,17698
18131,17515
18141,17737
18151,17802
18161,17926
18171,17912
18181,17955
18191,17937
18201,17922
18211,17767
18221,17859
18231,17745
18241,17796
18251,17833
18261,17726
18271,17734
18281,17665
18291,17697
18301,17679
18311,17741
18321,17664
18331,17548
18341,17450
18351,17441
18361,17342
18371,17396
18381,17386
18391,17391
18401,17280
18411,17276
18421,17288
18431,17416
18441,17389
18451,17538
18461,17566
18471,17368
18481,17293
18491,17425
18501,17470
18511,17471
18521,17487
18531,17484
18541,17397
18551,17366
18561,17345
18571,17418
18581,17526
18591,17594
18601,17572
18611,17491
18621,17499
18631,17371
18641,17547
18651,17429
18661,17452
18671,17466
18681,17383
